

params:
    ('mode', 'test')
    ('split', [0.8])
    ('at_nums', [1, 2, 5, 10, 15, 20])
    ('epochs', 100)
    ('latent_size', [20, 1024, 100])
    ('alpha', 0.01)
    ('lambda', 0.001)
    ('window_h', 2)
    ('window_x', 2)
    ('batch_size_train', 1)
    ('batch_size_test', 600)
    Original data ...
        users num:        36986
        trans num:        1640433
        items num:        267948
        sparsity:         0.999834472326
        avg. user buy:    44.352809171
        avg. item bought: 6.12220654754
    Remove duplicates in test set: mode = test ...
        user  num:        36986
        trans num:        1593119
        items num:        267948
        sparsity:         0.999839246539
        avg. user buy:    43.0735683772
        avg. item bought: 5.94562750982
    Devide test items into intervals ...
        intervals               = [2, 10, 30]
        test_i_intervals_cumsum = [ 90619 133396 158734 176397 189578 200577 211026 218114 225171 295418]
        test_i_cold_warm        = [133396 162022]
data:
	--------------------------------------------------------------
    split=0.8, test自身去重，剩【5.94】
    All values is the "best * 100" on epoch 99:
    每个跑4次：
        109 *2,
        151 *1,
        111 *1

【【【【【【【【【【【【【【【【【【【【【【【【【【【【【【【【【【【【【【【【【【【【【【【【【【【【【【【【【【【【【【【【【【【【【【【【【【【
Random:
    --------------------------------------------------------------
	AUC_avg   = [0.0000]
	Recal_avg = [0.0001, 0.0005, 0.0017, 0.0029, 0.0040, 0.0057]
	MAP_avg   = [0.0002, 0.0003, 0.0007, 0.0009, 0.0009, 0.0011]
	NDCG_avg  = [0.0014, 0.0019, 0.0025, 0.0028, 0.0033, 0.0042]
Pop:
    --------------------------------------------------------------
	AUC_avg   = [58.6120]
	Recal_avg = [0.0091, 0.0139, 0.0247, 0.0999, 0.1378, 0.1676]
	MAP_avg   = [0.0112, 0.0147, 0.0176, 0.0282, 0.0320, 0.0346]
	NDCG_avg  = [0.0730, 0.0594, 0.0463, 0.0845, 0.1044, 0.1190]
Random:
    --------------------------------------------------------------
			AUC       = [0.0000], 	[0]
			Recall    = [0.0003, 0.0010, 0.0027, 0.0044, 0.0051, 0.0068], 	[0 0 0 0 0 0]
			MAP       = [0.0004, 0.0008, 0.0012, 0.0015, 0.0015, 0.0016], 	[0 0 0 0 0 0]
			NDCG      = [0.0027, 0.0037, 0.0041, 0.0044, 0.0047, 0.0055], 	[0 0 0 0 0 0]
			AUC       = [0.0000], 	[0]
			Recall    = [0.0003, 0.0007, 0.0007, 0.0017, 0.0027, 0.0041], 	[0 0 0 0 0 0]
			MAP       = [0.0003, 0.0004, 0.0004, 0.0006, 0.0006, 0.0007], 	[0 0 0 0 0 0]
			NDCG      = [0.0027, 0.0027, 0.0015, 0.0018, 0.0022, 0.0028], 	[0 0 0 0 0 0]
			AUC       = [0.0000], 	[0]
			Recall    = [0.0000, 0.0003, 0.0020, 0.0037, 0.0051, 0.0071], 	[0 0 0 0 0 0]
			MAP       = [0.0000, 0.0001, 0.0008, 0.0010, 0.0011, 0.0013], 	[0 0 0 0 0 0]
			NDCG      = [0.0000, 0.0010, 0.0028, 0.0033, 0.0039, 0.0051], 	[0 0 0 0 0 0]
			AUC       = [0.0000], 	[0]
			Recall    = [0.0000, 0.0000, 0.0014, 0.0020, 0.0030, 0.0047], 	[0 0 0 0 0 0]
			MAP       = [0.0000, 0.0000, 0.0004, 0.0005, 0.0006, 0.0008], 	[0 0 0 0 0 0]
			NDCG      = [0.0000, 0.0000, 0.0017, 0.0018, 0.0024, 0.0034], 	[0 0 0 0 0 0]
Pop:
    --------------------------------------------------------------
			AUC       = [58.6735], 	[0]
			Recall    = [0.0091, 0.0139, 0.0247, 0.0999, 0.1378, 0.1676], 	[0 0 0 0 0 0]
			MAP       = [0.0112, 0.0147, 0.0176, 0.0282, 0.0320, 0.0346], 	[0 0 0 0 0 0]
			NDCG      = [0.0730, 0.0594, 0.0463, 0.0845, 0.1044, 0.1190], 	[0 0 0 0 0 0]
			AUC       = [58.6576], 	[0]
			Recall    = [0.0091, 0.0139, 0.0247, 0.0999, 0.1378, 0.1676], 	[0 0 0 0 0 0]
			MAP       = [0.0112, 0.0147, 0.0176, 0.0282, 0.0320, 0.0346], 	[0 0 0 0 0 0]
			NDCG      = [0.0730, 0.0594, 0.0463, 0.0845, 0.1044, 0.1190], 	[0 0 0 0 0 0]
			AUC       = [58.4907], 	[0]
			Recall    = [0.0091, 0.0139, 0.0247, 0.0999, 0.1378, 0.1676], 	[0 0 0 0 0 0]
			MAP       = [0.0112, 0.0147, 0.0176, 0.0282, 0.0320, 0.0346], 	[0 0 0 0 0 0]
			NDCG      = [0.0730, 0.0594, 0.0463, 0.0845, 0.1044, 0.1190], 	[0 0 0 0 0 0]
			AUC       = [58.6261], 	[0]
			Recall    = [0.0091, 0.0139, 0.0247, 0.0999, 0.1378, 0.1676], 	[0 0 0 0 0 0]
			MAP       = [0.0112, 0.0147, 0.0176, 0.0282, 0.0320, 0.0346], 	[0 0 0 0 0 0]
			NDCG      = [0.0730, 0.0594, 0.0463, 0.0845, 0.1044, 0.1190], 	[0 0 0 0 0 0]


【【【【【【【【【【【【【【【【【【【【【【【【【【【【【【【【【【【【【【【【【【【【【【【【【【【【【【【【【【【【【【【【【【【【【【【【【【【
MF:
    --------------------------------------------------------------
	AUC_avg   = [68.8459]
	Recal_avg = [0.1118, 0.1682, 0.2720, 0.3958, 0.4944, 0.5841]
	MAP_avg   = [0.2755, 0.3357, 0.3909, 0.4198, 0.4326, 0.4406]
	NDCG_avg  = [0.8929, 0.7591, 0.6720, 0.7078, 0.7597, 0.8051]
	loss_avg  = [26702351, 11868925, 4326535, 1750057, 795380, 407243, 234319, 149778, 104617, 78211, 61503, 50178, 42113, 36068, 31400, 27699, 24702, 22213, 20131, 18368, 16858, 15546, 14402, 13399, 12506, 11714, 11009, 10371, 9798, 9274, 8795, 8363, 7969, 7603, 7265, 6954, 6666, 6401, 6153, 5917, 5705, 5497, 5309, 5132, 4966, 4807, 4656, 4518, 4385, 4257, 4142, 4028, 3919, 3817, 3723, 3628, 3540, 3457, 3376, 3301, 3226, 3156, 3089, 3025, 2963, 2905, 2847, 2793, 2741, 2690, 2641, 2594, 2550, 2505, 2463, 2423, 2385, 2348, 2311, 2276, 2241, 2208, 2177, 2146, 2116, 2088, 2060, 2032, 2005, 1980, 1955, 1932, 1908, 1885, 1864, 1842, 1821, 1801, 1781, 1762]
MF:
    --------------------------------------------------------------
                        AUC       = [68.8888],  [1]
                        Recall    = [0.1070, 0.1598, 0.2603, 0.3872, 0.4820, 0.5619],   [0 0 0 0 0 0]
                        MAP       = [0.2765, 0.3332, 0.3864, 0.4157, 0.4286, 0.4353],   [0 0 0 0 0 0]
                        NDCG      = [0.8544, 0.7259, 0.6512, 0.6930, 0.7440, 0.7846],   [0 0 0 0 0 0]
                        AUC       = [68.6976],  [1]
                        Recall    = [0.1144, 0.1740, 0.2752, 0.3839, 0.4820, 0.5616],   [0 0 0 0 0 0]
                        MAP       = [0.2795, 0.3443, 0.4028, 0.4285, 0.4412, 0.4481],   [0 0 0 0 0 0]
                        NDCG      = [0.9139, 0.7824, 0.6875, 0.7124, 0.7656, 0.8053],   [0 0 0 0 0 0]
                        AUC       = [68.8638],  [1]
                        Recall    = [0.1114, 0.1642, 0.2701, 0.3954, 0.4851, 0.5761],   [0 0 0 0 0 0]
                        MAP       = [0.2809, 0.3363, 0.3937, 0.4218, 0.4337, 0.4426],   [0 0 0 0 0 0]
                        NDCG      = [0.8895, 0.7494, 0.6725, 0.7092, 0.7558, 0.8022],   [0 0 0 0 0 0]
                        AUC       = [68.9335],  [1]
                        Recall    = [0.1144, 0.1747, 0.2823, 0.4167, 0.5284, 0.6367],   [0 0 0 0 0 0]
                        MAP       = [0.2650, 0.3289, 0.3805, 0.4130, 0.4269, 0.4363],   [0 0 0 0 0 0]
                        NDCG      = [0.9139, 0.7787, 0.6769, 0.7165, 0.7735, 0.8281],   [0 0 0 0 0 0]


BPR:
    --------------------------------------------------------------
	AUC_avg   = [65.7179]
	Recal_avg = [0.1450, 0.2198, 0.3728, 0.5597, 0.7230, 0.8812]
	MAP_avg   = [0.3464, 0.4181, 0.4756, 0.5013, 0.5128, 0.5194]
	NDCG_avg  = [1.1579, 0.9840, 0.8604, 0.8717, 0.9247, 0.9769]
	loss_avg  = [936585, 914068, 895271, 877782, 860971, 844601, 827576, 810155, 792760, 776059, 760125, 744665, 729924, 715274, 701430, 687520, 673874, 660516, 647036, 633633, 620541, 607421, 594335, 581182, 568099, 555335, 542257, 529413, 516942, 504320, 492002, 480039, 467790, 456241, 444601, 433332, 422584, 411697, 401177, 391194, 381258, 371868, 362521, 353476, 344713, 336187, 328094, 320327, 312401, 305251, 297814, 291101, 284299, 278052, 271665, 265841, 259953, 254422, 248782, 243624, 238567, 233881, 228616, 223806, 219963, 215538, 211478, 207340, 203193, 199524, 195944, 192869, 189104, 185484, 182528, 179307, 176471, 173280, 170181, 167971, 164903, 162346, 159684, 157460, 154823, 152476, 150082, 148571, 146252, 143992, 141851, 139808, 137983, 135775, 134130, 132122, 130866, 128474, 127278, 125916]
BPR:
    --------------------------------------------------------------
                        AUC       = [65.9076]                                          [99]
                        Recall    = [0.1425, 0.2129, 0.3703, 0.5562, 0.7166, 0.8659],   [10 13 16 21 21 29]
                        MAP       = [0.3449, 0.4145, 0.4713, 0.4957, 0.5059, 0.5115],   [ 9 10 11 11 11 11]
                        NDCG      = [1.1383, 0.9527, 0.8430, 0.8606, 0.9198, 0.9718],   [10 11 12 16 17 17]
                        AUC       = [65.4124]                                          [97]
                        Recall    = [0.1381, 0.2241, 0.3754, 0.5727, 0.7434, 0.8923],   [ 9 12 15 20 23 25]
                        MAP       = [0.3290, 0.4107, 0.4734, 0.5005, 0.5117, 0.5180],   [ 9 11 12 12 12 13]
                        NDCG      = [1.1031, 0.9902, 0.8676, 0.8754, 0.9295, 0.9812],   [ 9 12 13 14 17 17]
                        AUC       = [65.7837]                                          [98]
                        Recall    = [0.1449, 0.2224, 0.3740, 0.5575, 0.7166, 0.8788],   [10 11 17 20 24 24]
                        MAP       = [0.3368, 0.4139, 0.4670, 0.4941, 0.5074, 0.5154],   [ 9 10 11 12 12 13]
                        NDCG      = [1.1572, 0.9926, 0.8564, 0.8663, 0.9235, 0.9787],   [10 10 13 16 16 16]
                        AUC       = [65.7678]                                          [97]
                        Recall    = [0.1544, 0.2200, 0.3717, 0.5524, 0.7153, 0.8879],   [10 13 15 20 28 26]
                        MAP       = [0.3748, 0.4333, 0.4906, 0.5151, 0.5262, 0.5326],   [10 11 11 11 11 11]
                        NDCG      = [1.2329, 1.0005, 0.8746, 0.8845, 0.9261, 0.9760],   [10 11 13 14 16 17]


【【【【【【【【【【【【【【【【【【【【【【【【【【【【【【【【【【【【【【【【【【【【【【【【【【【【【【【【【【【【【【【【【【【【【【【【【【【
GRU:
    --------------------------------------------------------------
	AUC_avg   = [66.2181]
	Recal_avg = [0.2025, 0.2888, 0.4777, 0.8101, 1.1233, 1.3977]
	MAP_avg   = [0.4498, 0.5253, 0.5850, 0.6149, 0.6273, 0.6343]
	NDCG_avg  = [1.6175, 1.3101, 1.0878, 1.0990, 1.1783, 1.2718]
	loss_avg  = [842410, 778047, 700492, 634599, 585370, 548698, 518214, 493944, 473492, 455411, 438783, 424175, 409795, 397548, 384095, 372682, 361710, 350406, 339855, 330457, 320985, 311950, 302758, 295994, 288419, 281189, 275176, 268839, 263129, 257842, 251902, 248010, 243854, 238614, 235790, 232241, 228170, 223856, 219996, 217857, 215030, 210986, 208318, 206179, 203677, 203751, 200918, 198007, 196859, 199135, 192667, 188458, 186090, 184983, 182869, 183837, 182891, 180732, 179268, 181101, 176099, 172883, 171651, 170752, 174265, 170411, 167525, 164045, 165974, 161789, 160894, 161194, 158164, 157319, 162091, 160989, 159490, 157313, 154942, 155076, 154781, 152311, 150740, 149114, 146392, 153501, 149754, 151616, 148347, 148762, 149496, 148183, 147010, 143796, 142518, 140044, 138712, 139742, 144293, 141149]
GRU:
    --------------------------------------------------------------
                        AUC       = [66.2617]                                          [12]
                        Recall    = [0.1737, 0.2644, 0.4529, 0.7674, 1.0416, 1.3117],   [ 0  0 26 34 53 53]
                        MAP       = [0.4150, 0.4925, 0.5541, 0.5853, 0.5987, 0.6068],   [0 0 0 0 0 0]
                        NDCG      = [1.3870, 1.1852, 1.0206, 1.0381, 1.1374, 1.2231],   [ 0  0  0 28 28 28]
                        AUC       = [66.1828]                                          [12]
                        Recall    = [0.2251, 0.3128, 0.4766, 0.8303, 1.1468, 1.4386],   [ 0  0 64 64 70 81]
                        MAP       = [0.4749, 0.5495, 0.6083, 0.6381, 0.6506, 0.6575],   [0 0 0 0 0 0]
                        NDCG      = [1.7980, 1.4219, 1.1316, 1.1307, 1.2200, 1.3266],   [ 0  0  0  0 46 46]
                        AUC       = [66.1967]                                          [11]
                        Recall    = [0.2312, 0.3246, 0.4990, 0.8127, 1.1384, 1.4190],   [ 0  0 44 48 81 84]
                        MAP       = [0.4823, 0.5634, 0.6317, 0.6648, 0.6754, 0.6817],   [0 0 0 0 0 0]
                        NDCG      = [1.8466, 1.4728, 1.1961, 1.1904, 1.2388, 1.3444],   [ 0  0  0  0 38 44]
                        AUC       = [66.2312]                                          [12]
                        Recall    = [0.1801, 0.2535, 0.4824, 0.8300, 1.1665, 1.4217],   [ 0 33 54 97 97 97]
                        MAP       = [0.4271, 0.4960, 0.5460, 0.5716, 0.5846, 0.5912],   [0 0 0 0 0 0]
                        NDCG      = [1.4384, 1.1606, 1.0029, 1.0367, 1.1169, 1.1930],   [ 0  0 33 33 33 33]


【【【【【【【【【【【【【【【【【【【【【【【【【【【【【【【【【【【【【【【【【【【【【【【【【【【【【【【【【【【【【【【【【【【【【【【【【【【
GRU_context_h2:
    --------------------------------------------------------------
	AUC_avg   = [65.8745]
	Recal_avg = [0.2584, 0.3961, 0.7142, 1.1408, 1.4948, 1.7941]
	MAP_avg   = [0.4870, 0.5943, 0.7137, 0.7953, 0.8397, 0.8710]
	NDCG_avg  = [2.0636, 1.7386, 1.5177, 1.5668, 1.7023, 1.8284]
	loss_avg  = [822866, 761050, 681226, 612711, 561881, 523827, 492688, 467141, 446044, 426862, 409698, 394326, 379407, 365828, 351825, 339305, 327902, 315835, 304919, 294430, 284158, 274396, 264808, 257300, 249074, 241419, 234890, 228367, 222358, 216561, 210338, 206175, 201063, 196619, 192513, 187884, 184926, 180924, 177357, 174741, 171685, 168479, 165492, 163364, 160769, 158020, 155976, 153952, 151551, 149791, 147444, 145636, 143490, 142227, 140499, 138768, 137303, 135508, 134488, 132970, 131248, 130128, 128808, 127115, 125899, 124985, 123985, 122514, 121235, 120582, 119407, 118710, 117412, 116361, 115272, 114855, 113706, 113008, 111829, 111177, 110267, 109328, 108718, 107807, 106662, 106222, 105329, 105008, 103856, 103612, 102600, 101988, 101850, 101074, 100452, 99561, 99113, 97887, 97665, 97120]
GRU_context_h3:
    --------------------------------------------------------------
	AUC_avg   = [65.8923]
	Recal_avg = [0.2513, 0.3952, 0.7113, 1.0930, 1.4086, 1.6714]
	MAP_avg   = [0.5008, 0.6059, 0.7204, 0.7943, 0.8346, 0.8603]
	NDCG_avg  = [2.0068, 1.7222, 1.5134, 1.5429, 1.6655, 1.7761]
	loss_avg  = [821967, 754379, 672954, 605655, 556438, 519358, 489087, 464366, 443821, 425493, 408077, 393455, 378743, 365988, 352270, 340090, 328794, 317015, 305917, 295798, 286062, 276281, 266445, 259258, 251284, 243436, 237473, 230575, 224674, 219019, 212949, 208604, 203515, 199072, 195059, 190395, 187611, 183412, 180220, 177507, 174274, 170936, 168417, 165929, 163402, 160749, 158821, 156454, 154023, 152609, 150100, 148362, 146241, 145019, 142967, 141326, 139884, 138147, 137053, 135452, 133919, 132801, 131309, 129486, 128392, 127269, 126402, 125184, 123559, 122986, 121807, 121119, 119603, 118862, 117602, 117207, 116221, 115331, 114408, 113588, 112407, 111692, 111065, 110068, 109125, 108477, 107669, 107510, 106378, 106021, 104851, 104307, 103946, 103114, 102571, 101803, 101364, 100161, 100176, 99387]
GRU_context_h4:
    --------------------------------------------------------------
	AUC_avg   = [65.9058]
	Recal_avg = [0.2577, 0.4033, 0.7335, 1.1438, 1.4817, 1.7712]
	MAP_avg   = [0.4981, 0.6066, 0.7257, 0.8056, 0.8481, 0.8775]
	NDCG_avg  = [2.0582, 1.7619, 1.5474, 1.5850, 1.7146, 1.8354]
	loss_avg  = [822464, 760852, 680301, 611263, 560166, 522085, 491088, 465466, 444878, 426028, 408489, 393545, 378558, 365511, 351717, 339476, 328163, 316256, 305357, 295272, 285518, 275786, 266085, 258990, 250811, 243117, 236922, 230557, 224434, 218998, 212695, 208526, 203714, 199272, 195150, 190563, 188108, 183945, 180194, 177593, 174478, 171395, 168497, 166040, 163629, 161057, 159075, 156713, 154435, 152584, 150355, 148587, 146423, 145405, 143197, 141613, 140240, 138163, 137239, 135864, 134112, 132848, 131741, 129723, 128745, 127610, 126807, 125341, 123900, 123337, 122241, 121237, 119728, 118743, 117795, 117524, 116135, 115462, 114575, 113796, 112763, 111822, 111308, 110388, 109159, 108595, 107800, 107508, 106343, 106135, 105033, 104351, 104103, 103374, 102594, 101898, 101331, 100357, 100233, 99480]
GRU_context_h5: - 【最优】 - 【相互间差距并不明显，隐层h的表达能力还是很强的】
    --------------------------------------------------------------
	AUC_avg   = [65.9268]
	Recal_avg = [0.2642, 0.4121, 0.7347, 1.1452, 1.4723, 1.7605]
	MAP_avg   = [0.5126, 0.6264, 0.7459, 0.8205, 0.8634, 0.8920]
	NDCG_avg  = [2.1102, 1.8019, 1.5686, 1.6001, 1.7268, 1.8452]
	loss_avg  = [821586, 760590, 681548, 614086, 563486, 525259, 493882, 468649, 447058, 427766, 410041, 394752, 379395, 366026, 351899, 339658, 327932, 315814, 304560, 294343, 284598, 274621, 265128, 257723, 249213, 241779, 235603, 229106, 222957, 217530, 211273, 206987, 201963, 197463, 193212, 189064, 186026, 181870, 178535, 175586, 172559, 169514, 166825, 164203, 162032, 159274, 157142, 154968, 152666, 150900, 148820, 146623, 144664, 143673, 141594, 139827, 138453, 136642, 135544, 133781, 132348, 131491, 130108, 128157, 127017, 125683, 124860, 123549, 122100, 121702, 120549, 119620, 118174, 117502, 116286, 115603, 114890, 113840, 112772, 112063, 111047, 110133, 109809, 108582, 107527, 107045, 106311, 105870, 104582, 104431, 103468, 102874, 102538, 101846, 101227, 100317, 99893, 98819, 98684, 98002]
GRU_context_h2:
    --------------------------------------------------------------
                        AUC       = [65.8362]                                           [12]
                        Recall    = [0.2678, 0.4072, 0.7044, 1.1144, 1.4664, 1.7646],   [94 91 86 86 94 98]
                        MAP       = [0.5010, 0.6141, 0.7232, 0.8015, 0.8447, 0.8747],   [94 91 94 97 94 94]
                        NDCG      = [2.1386, 1.7928, 1.5260, 1.5616, 1.7048, 1.8324],   [94 91 94 94 94 94]
                        AUC       = [65.9906]                                           [13]
                        Recall    = [0.2329, 0.3598, 0.6716, 1.0626, 1.4014, 1.6952],   [94 97 94 95 86 86]
                        MAP       = [0.4685, 0.5674, 0.6830, 0.7567, 0.7959, 0.8256],   [97 97 94 94 99 99]
                        NDCG      = [1.8602, 1.5838, 1.4256, 1.4828, 1.6118, 1.7347],   [94 97 94 95 86 86]
                        AUC       = [65.8000]                                           [11]
                        Recall    = [0.2732, 0.4093, 0.7406, 1.2159, 1.5832, 1.8746],   [95 93 90 96 99 98]
                        MAP       = [0.5015, 0.5998, 0.7234, 0.8170, 0.8651, 0.8977],   [91 91 91 91 91 91]
                        NDCG      = [2.1819, 1.8024, 1.5622, 1.6214, 1.7560, 1.8807],   [95 95 91 96 96 91]
                        AUC       = [65.8711]                                           [10]
                        Recall    = [0.2596, 0.4082, 0.7400, 1.1705, 1.5283, 1.8418],   [96 99 96 96 97 97]
                        MAP       = [0.4769, 0.5959, 0.7251, 0.8061, 0.8530, 0.8860],   [96 96 97 96 97 97]
                        NDCG      = [2.0738, 1.7752, 1.5571, 1.6014, 1.7366, 1.8658],   [96 96 96 96 97 97]
GRU_context_h3:
    --------------------------------------------------------------
                        AUC       = [65.8409]                                           [12]
                        Recall    = [0.2495, 0.3710, 0.7004, 1.0565, 1.3374, 1.5795],   [95 85 95 95 95 95]
                        MAP       = [0.5005, 0.5903, 0.7102, 0.7791, 0.8121, 0.8350],   [95 95 92 95 95 95]
                        NDCG      = [1.9926, 1.6355, 1.4825, 1.5091, 1.6205, 1.7255],   [95 85 95 95 95 95]
                        AUC       = [65.9401]                                           [10]
                        Recall    = [0.2799, 0.4353, 0.7708, 1.2064, 1.5564, 1.8140],   [97 97 98 91 98 95]
                        MAP       = [0.5465, 0.6624, 0.7818, 0.8678, 0.9157, 0.9418],   [97 97 97 97 97 97]
                        NDCG      = [2.2360, 1.9077, 1.6433, 1.6712, 1.7995, 1.9072],   [97 97 97 97 97 95]
                        AUC       = [66.0373]                                           [11]
                        Recall    = [0.2122, 0.3399, 0.6086, 0.9712, 1.2904, 1.5449],   [94 99 99 99 99 99]
                        MAP       = [0.4460, 0.5349, 0.6318, 0.6994, 0.7379, 0.7616],   [94 94 99 99 99 99]
                        NDCG      = [1.6952, 1.4748, 1.3082, 1.3747, 1.5083, 1.6166],   [94 99 99 99 99 99]
                        AUC       = [65.7509]                                           [11]
                        Recall    = [0.2634, 0.4346, 0.7654, 1.1377, 1.4501, 1.7474],   [94 94 94 95 94 94]
                        MAP       = [0.5102, 0.6359, 0.7578, 0.8310, 0.8728, 0.9029],   [91 91 94 94 94 94]
                        NDCG      = [2.1035, 1.8710, 1.6195, 1.6166, 1.7335, 1.8551],   [94 94 94 95 94 94]
GRU_context_h4:
    --------------------------------------------------------------
                        AUC       = [65.9703]                                           [11]
                        Recall    = [0.2623, 0.4018, 0.7362, 1.1611, 1.5270, 1.8181],   [93 93 99 98 98 98]
                        MAP       = [0.5101, 0.6218, 0.7325, 0.8147, 0.8588, 0.8882],   [93 93 93 95 98 98]
                        NDCG      = [2.0954, 1.7684, 1.5427, 1.5959, 1.7366, 1.8562],   [93 93 95 98 98 98]
                        AUC       = [65.9753]                                           [10]
                        Recall    = [0.2569, 0.3974, 0.7356, 1.1577, 1.5097, 1.8201],   [95 95 95 95 95 95]
                        MAP       = [0.4899, 0.5906, 0.7203, 0.7995, 0.8468, 0.8777],   [77 95 95 95 95 95]
                        NDCG      = [2.0521, 1.7419, 1.5499, 1.5908, 1.7260, 1.8546],   [95 95 95 95 95 95]
                        AUC       = [65.8978]                                           [10]
                        Recall    = [0.2630, 0.4170, 0.7335, 1.1286, 1.4478, 1.7061],   [83 83 96 96 98 96]
                        MAP       = [0.5168, 0.6252, 0.7435, 0.8186, 0.8568, 0.8829],   [96 96 96 96 96 96]
                        NDCG      = [2.1008, 1.8169, 1.5710, 1.5954, 1.7198, 1.8295],   [83 83 96 96 96 96]
                        AUC       = [65.7797]                                           [9]
                        Recall    = [0.2485, 0.3971, 0.7285, 1.1276, 1.4424, 1.7406],   [94 98 98 98 98 98]
                        MAP       = [0.4755, 0.5889, 0.7065, 0.7895, 0.8299, 0.8611],   [94 94 98 98 98 98]
                        NDCG      = [1.9845, 1.7206, 1.5262, 1.5578, 1.6759, 1.8011],   [94 98 98 98 98 98]
GRU_context_h5:
    --------------------------------------------------------------
                        AUC       = [65.9154]                                           [11]
                        Recall    = [0.2833, 0.4147, 0.7332, 1.1560, 1.4948, 1.7954],   [93 95 95 97 99 99]
                        MAP       = [0.5411, 0.6458, 0.7589, 0.8386, 0.8847, 0.9159],   [93 97 97 97 97 97]
                        NDCG      = [2.2630, 1.8392, 1.5866, 1.6286, 1.7585, 1.8794],   [93 93 93 97 97 97]
                        AUC       = [65.9726]                                           [10]
                        Recall    = [0.2640, 0.4262, 0.7552, 1.1479, 1.4427, 1.7226],   [79 98 98 94 98 98]
                        MAP       = [0.5204, 0.6365, 0.7656, 0.8398, 0.8781, 0.9064],   [97 98 97 98 98 98]
                        NDCG      = [2.1089, 1.8493, 1.6064, 1.6123, 1.7215, 1.8368],   [79 98 98 98 98 98]
                        AUC       = [65.8091]                                           [10]
                        Recall    = [0.2488, 0.3900, 0.6993, 1.0974, 1.4359, 1.7199],   [94 97 94 92 92 92]
                        MAP       = [0.4863, 0.5970, 0.7075, 0.7814, 0.8276, 0.8547],   [94 97 94 97 94 94]
                        NDCG      = [1.9872, 1.7053, 1.4905, 1.5310, 1.6652, 1.7801],   [94 97 94 92 94 92]
                        AUC       = [66.0102]                                           [12]
                        Recall    = [0.2606, 0.4174, 0.7511, 1.1797, 1.5158, 1.8039],   [94 94 94 99 99 99]
                        MAP       = [0.5026, 0.6264, 0.7517, 0.8221, 0.8633, 0.8908],   [94 94 94 99 99 99]
                        NDCG      = [2.0819, 1.8137, 1.5910, 1.6286, 1.7622, 1.8846],   [94 94 94 99 99 99]

这个的结果和 h5 互有最高就是胜利，表明已经没法再提高了。
    网格搜索
    【有一个很明显的结论：context组合里，损失值越低，性能越好】
GRU_context_h5_x2:
    --------------------------------------------------------------
	AUC_avg   = [65.6965]
	Recal_avg = [0.2579, 0.4006, 0.7146, 1.1125, 1.4529, 1.7449]
	MAP_avg   = [0.5068, 0.6169, 0.7306, 0.8062, 0.8492, 0.8779]
	NDCG_avg  = [2.0602, 1.7539, 1.5263, 1.5700, 1.7011, 1.8237]
	loss_avg  = [821789, 754162, 672561, 605021, 555740, 518684, 488396, 463379, 442813, 423925, 406740, 391747, 376625, 363486, 349303, 337031, 325410, 313589, 302163, 292146, 282401, 272355, 262710, 255332, 247011, 239546, 233108, 226917, 220781, 215196, 209209, 204817, 199999, 195644, 191549, 187211, 184425, 180292, 176784, 174322, 170921, 167736, 165264, 162893, 160384, 157754, 155809, 153621, 151307, 149549, 147489, 145560, 143296, 142317, 140140, 138680, 137484, 135449, 134186, 132988, 131086, 130260, 128969, 126845, 125987, 124786, 124067, 122526, 120908, 120635, 119574, 118664, 117266, 116585, 115270, 114603, 113732, 112755, 111768, 111053, 110237, 109417, 108706, 108021, 106857, 106282, 105245, 105278, 103923, 103614, 102739, 101951, 101706, 100804, 100407, 99565, 98906, 97851, 97861, 97270]
GRU_context_h5_x3: - 【recall、ndcg优于h5】
    --------------------------------------------------------------
	AUC_avg   = [65.7740]
	Recal_avg = [0.2602, 0.4044, 0.7349, 1.1698, 1.5329, 1.8290]
	MAP_avg   = [0.5090, 0.6171, 0.7368, 0.8167, 0.8606, 0.8910]
	NDCG_avg  = [2.0785, 1.7673, 1.5563, 1.6132, 1.7534, 1.8736]
	loss_avg  = [821969, 756967, 676134, 608315, 558175, 520916, 490152, 465034, 443711, 424986, 407603, 392559, 377287, 364393, 350206, 337716, 325941, 314522, 302910, 292979, 282925, 272967, 263472, 255959, 247836, 240193, 234009, 227152, 221122, 215811, 209310, 205162, 199990, 195527, 191353, 186949, 184053, 179897, 176529, 173807, 170432, 167281, 164717, 162406, 159705, 157102, 155138, 152938, 150508, 148856, 146547, 144598, 142299, 141398, 139293, 137557, 136402, 134416, 133125, 131885, 129833, 129336, 127838, 125832, 124764, 123710, 122716, 121394, 119898, 119328, 118201, 117614, 115885, 115154, 113906, 113541, 112277, 111549, 110678, 109851, 108885, 108041, 107397, 106487, 105377, 104815, 103884, 103711, 102536, 102207, 101225, 100725, 100347, 99540, 99068, 98041, 97679, 96737, 96179, 95873]
GRU_context_h5_x4:
    --------------------------------------------------------------
	AUC_avg   = [65.7587]
	Recal_avg = [0.2693, 0.4193, 0.7349, 1.1406, 1.4823, 1.7785]
	MAP_avg   = [0.5049, 0.6202, 0.7409, 0.8142, 0.8560, 0.8825]
	NDCG_avg  = [2.1508, 1.8173, 1.5673, 1.6043, 1.7400, 1.8637]
	loss_avg  = [821993, 753469, 671299, 603667, 554584, 517464, 487202, 462181, 441631, 422954, 406094, 390978, 375969, 363019, 349168, 337073, 325499, 313839, 302727, 292714, 283027, 273275, 263703, 256227, 248087, 240636, 234318, 227726, 221636, 216326, 210120, 205756, 200887, 196633, 192172, 188008, 184979, 181200, 177420, 174734, 171482, 168330, 165837, 163266, 161065, 158045, 156133, 153769, 151461, 149769, 147561, 145403, 143515, 142207, 140394, 138625, 137243, 135420, 134341, 132748, 130922, 130012, 128651, 126830, 125541, 124356, 123609, 122155, 120598, 120153, 118986, 118096, 116696, 115950, 114720, 114156, 113083, 112266, 111243, 110593, 109465, 108481, 108052, 107132, 105944, 105273, 104682, 104323, 103014, 102811, 101686, 101228, 100873, 99987, 99388, 98422, 98048, 96869, 96611, 96111]
GRU_context_h5_x5: - 【全部networks里最优，top-k全部优于h5】
    --------------------------------------------------------------
	AUC_avg   = [65.8444]
	Recal_avg = [0.2740, 0.4307, 0.7650, 1.1909, 1.5197, 1.8235]
	MAP_avg   = [0.5179, 0.6339, 0.7570, 0.8377, 0.8788, 0.9067]
	NDCG_avg  = [2.1887, 1.8707, 1.6176, 1.6588, 1.7869, 1.9131]
	loss_avg  = [821118, 754886, 674143, 607158, 557563, 520698, 490147, 465393, 444771, 425693, 408493, 393378, 378166, 365157, 351150, 338896, 327261, 315281, 304229, 294102, 283898, 274172, 264613, 256669, 248964, 241019, 234715, 228177, 221802, 216423, 209736, 205588, 200721, 196347, 191910, 187499, 184602, 180397, 176872, 174243, 171177, 167994, 164955, 162606, 160277, 157331, 155441, 153181, 150883, 148868, 146715, 144928, 142888, 141606, 139447, 137658, 136170, 134521, 133381, 131732, 130154, 129040, 127721, 125674, 124798, 123704, 122814, 121280, 119870, 119505, 117999, 117232, 115851, 115125, 113971, 113385, 112343, 111325, 110478, 109750, 108540, 107902, 107378, 106205, 105230, 104657, 103763, 103487, 102316, 101935, 100902, 100274, 99857, 99228, 98466, 97699, 97265, 96185, 95960, 95494]
GRU_context_h5_x2:
    --------------------------------------------------------------
                        AUC       = [65.7052] - 109-2, √ ,  [12]
                        Recall    = [0.2458, 0.3835, 0.6868, 1.0544, 1.4024, 1.6709],   [93 95 97 95 97 97]
                        MAP       = [0.4918, 0.5995, 0.7044, 0.7751, 0.8169, 0.8425],   [94 95 95 95 95 95]
                        NDCG      = [1.9629, 1.6785, 1.4680, 1.5118, 1.6429, 1.7548],   [93 95 97 95 97 97]
                        AUC       = [65.6649] - 109-3, √ ,  [12]
                        Recall    = [0.2667, 0.4079, 0.7163, 1.1374, 1.4691, 1.7727],   [93 97 97 97 97 97]
                        MAP       = [0.5117, 0.6159, 0.7301, 0.8107, 0.8518, 0.8785],   [93 93 93 93 93 93]
                        NDCG      = [2.1305, 1.7835, 1.5379, 1.5945, 1.7242, 1.8495],   [93 97 97 97 97 97]
                        AUC       = [65.7299] - 151-1, √                                            ,  [12]
                        Recall    = [0.2711, 0.4255, 0.7518, 1.1746, 1.5239, 1.8188],   [97 97 94 94 94 99]
                        MAP       = [0.5125, 0.6385, 0.7608, 0.8398, 0.8843, 0.9141],   [97 97 97 97 97 97]
                        NDCG      = [2.1657, 1.8570, 1.5967, 1.6321, 1.7651, 1.8933],   [97 97 97 94 94 97]
                        AUC       = [65.6859] - 111-2, √
                        Recall    = [0.2481, 0.3856, 0.7034, 1.0835, 1.4163, 1.7172],   [95 95 96 93 95 95]
                        MAP       = [0.5113, 0.6135, 0.7272, 0.7991, 0.8440, 0.8763],   [95 97 97 95 95 95]
                        NDCG      = [1.9818, 1.6965, 1.5028, 1.5417, 1.6721, 1.7971],   [95 95 95 95 95 95]

GRU_context_h5_x3:
    --------------------------------------------------------------
                        AUC       = [65.6632] - 151-1, √                                           ,  [12]
                        Recall    = [0.2803, 0.4404, 0.7718, 1.2034, 1.5740, 1.8418],   [93 95 99 95 95 95]
                        MAP       = [0.5418, 0.6528, 0.7740, 0.8558, 0.8992, 0.9288],   [93 93 93 93 93 93]
                        NDCG      = [2.2387, 1.9123, 1.6287, 1.6748, 1.8189, 1.9300],   [93 95 95 95 95 95]
                        AUC       = [65.9218] - 151-2, √ ,  [11]
                        Recall    = [0.2451, 0.3984, 0.7291, 1.1641, 1.5500, 1.8841],   [86 94 94 99 99 97]
                        MAP       = [0.4849, 0.5934, 0.7113, 0.7890, 0.8346, 0.8667],   [86 86 94 94 94 94]
                        NDCG      = [1.9575, 1.7167, 1.5280, 1.5861, 1.7348, 1.8678],   [86 94 94 94 94 94]
                        AUC       = [65.7438] - 111-1, √                                           ,  [12]
                        Recall    = [0.2451, 0.3791, 0.7095, 1.1529, 1.5077, 1.8005],   [95 97 97 97 97 97]
                        MAP       = [0.5043, 0.6108, 0.7251, 0.8071, 0.8490, 0.8780],   [95 95 97 97 97 95]
                        NDCG      = [1.9575, 1.6627, 1.5051, 1.5880, 1.7272, 1.8453],   [95 97 97 97 97 97]
                        AUC       = [65.7672] - 111-2, √ ,  [11]
                        Recall    = [0.2705, 0.3998, 0.7291, 1.1590, 1.4999, 1.7897],   [94 94 95 95 95 95]
                        MAP       = [0.5051, 0.6115, 0.7366, 0.8150, 0.8598, 0.8904],   [94 94 94 94 94 94]
                        NDCG      = [2.1603, 1.7774, 1.5636, 1.6037, 1.7327, 1.8512],   [94 94 94 95 95 95]

GRU_context_h5_x4:
    --------------------------------------------------------------
                        AUC       = [65.8017] - 109-1, √                                            ,  [10]
                        Recall    = [0.2630, 0.4042, 0.7044, 1.0819, 1.4061, 1.6881],   [98 97 98 99 98 98]
                        MAP       = [0.5039, 0.6177, 0.7295, 0.8026, 0.8430, 0.8671],   [99 99 99 99 99 99]
                        NDCG      = [2.1008, 1.7682, 1.5197, 1.5566, 1.6886, 1.8054],   [98 97 98 99 98 98]
                        AUC       = [65.7353] - 109-2, √ ,  [11]
                        Recall    = [0.2942, 0.4583, 0.7914, 1.2305, 1.5977, 1.9122],   [96 99 86 98 99 99]
                        MAP       = [0.5176, 0.6415, 0.7707, 0.8480, 0.8913, 0.9182],   [80 80 86 86 86 86]
                        NDCG      = [2.3495, 1.9676, 1.6719, 1.6899, 1.8316, 1.9599],   [96 80 86 99 99 99]
                        AUC       = [65.7573] - 151-1, √                                            ,  [11]
                        Recall    = [0.2586, 0.4038, 0.6973, 1.0978, 1.4461, 1.7656],   [92 98 98 97 98 98]
                        MAP       = [0.5099, 0.6129, 0.7263, 0.7934, 0.8384, 0.8690],   [79 93 93 97 98 98]
                        NDCG      = [2.0656, 1.7511, 1.5040, 1.5612, 1.7061, 1.8418],   [92 92 98 97 97 98]
                        AUC       = [65.7404] - 151-2, √ ,  [12]
                        Recall    = [0.2613, 0.4109, 0.7464, 1.1523, 1.4793, 1.7480],   [98 96 98 96 98 98]
                        MAP       = [0.4883, 0.6089, 0.7373, 0.8130, 0.8513, 0.8758],   [98 98 98 98 98 98]
                        NDCG      = [2.0873, 1.7823, 1.5736, 1.6096, 1.7335, 1.8476],   [98 98 98 98 98 98]

GRU_context_h5_x5:
    --------------------------------------------------------------
                        AUC       = [65.9232] - 109-2, √ ,  [11]
                        Recall    = [0.2806, 0.4289, 0.7579, 1.1445, 1.4234, 1.6580],   [94 91 91 98 94 96]
                        MAP       = [0.5224, 0.6373, 0.7591, 0.8322, 0.8688, 0.8893],   [94 91 91 94 94 94]
                        NDCG      = [2.2414, 1.8652, 1.6163, 1.6384, 1.7496, 1.8452],   [94 94 91 94 94 91]
                        AUC       = [65.7370] - 109-3, √ ,  [12]
                        Recall    = [0.2749, 0.4509, 0.8070, 1.2887, 1.6593, 2.0060],   [93 93 97 97 97 97]
                        MAP       = [0.5205, 0.6418, 0.7707, 0.8611, 0.9087, 0.9441],   [97 93 97 97 97 97]
                        NDCG      = [2.1954, 1.9400, 1.6730, 1.7344, 1.8753, 2.0162],   [93 93 97 97 97 97]
                        AUC       = [65.9198] - 151-2, √ ,  [11]
                        Recall    = [0.2776, 0.4323, 0.7654, 1.2013, 1.5358, 1.8303],   [85 85 97 97 97 97]
                        MAP       = [0.5196, 0.6414, 0.7655, 0.8489, 0.8922, 0.9219],   [85 85 97 97 97 97]
                        NDCG      = [2.2171, 1.8934, 1.6259, 1.6688, 1.7947, 1.9180],   [85 85 97 97 97 97]
                        AUC       = [65.7976] - 111-1, √ ,  [89]
                        Recall    = [0.2630, 0.4106, 0.7295, 1.1292, 1.4603, 1.7995],   [98 97 97 97 97 97]
                        MAP       = [0.5092, 0.6150, 0.7326, 0.8085, 0.8454, 0.8715],   [98 98 98 98 98 97]
                        NDCG      = [2.1008, 1.7844, 1.5553, 1.5938, 1.7279, 1.8730],   [98 97 98 98 98 97]



【【【【【【【【【【【【【【【【【【【【【【【【【【【【【【【【【【【【【【【【【【【【【【【【【【【【【【【【【【【【【【【【【【【【【【【【【【【
GRU_context_x2:
    --------------------------------------------------------------
	AUC_avg   = [65.9555]
	Recal_avg = [0.2130, 0.3272, 0.6187, 0.9900, 1.3359, 1.6430]
	MAP_avg   = [0.4521, 0.5384, 0.6237, 0.6771, 0.7122, 0.7359]
	NDCG_avg  = [1.7013, 1.4249, 1.2749, 1.3367, 1.4547, 1.5569]
	loss_avg  = [816571, 748115, 667951, 602014, 553721, 517390, 487771, 463624, 443579, 425440, 409019, 394150, 379636, 366838, 353197, 341381, 330267, 318686, 307843, 298163, 288803, 279507, 269909, 262704, 254893, 247626, 241878, 235327, 229417, 224101, 218048, 214109, 209005, 204546, 200448, 196464, 193796, 189396, 185955, 183339, 179890, 176851, 174332, 172097, 169620, 166859, 164946, 162892, 160043, 159051, 156368, 154442, 152023, 151027, 149858, 147159, 146046, 143986, 142904, 141921, 142713, 140325, 137646, 135320, 134265, 133087, 132279, 130830, 129063, 128776, 129402, 128954, 125744, 124507, 123181, 122522, 121748, 122464, 121189, 119460, 118449, 117128, 116632, 115617, 115637, 113803, 113615, 113312, 114381, 113844, 112173, 111537, 111169, 109615, 107967, 106818, 106544, 105383, 105123, 104422]
GRU_context_x3: - 【最优】 - 【x2到x3，性能有明显增长】
    --------------------------------------------------------------
	AUC_avg   = [65.7963]
	Recal_avg = [0.2662, 0.4158, 0.7236, 1.1491, 1.4796, 1.7764]
	MAP_avg   = [0.5002, 0.6187, 0.7360, 0.8124, 0.8518, 0.8799]
	NDCG_avg  = [2.1265, 1.8101, 1.5484, 1.6099, 1.7387, 1.8624]
	loss_avg  = [818392, 749661, 668151, 601524, 552718, 516438, 486547, 462198, 442169, 423939, 407196, 392707, 377923, 365456, 352040, 340115, 329049, 318086, 307507, 297818, 288369, 279343, 270175, 263286, 255413, 247838, 242070, 236014, 229972, 224454, 218464, 214407, 209372, 205073, 201214, 196651, 193954, 189912, 186293, 183714, 180373, 177269, 174662, 172335, 169686, 166855, 164841, 162379, 160182, 158386, 156084, 154144, 152038, 150889, 148662, 147051, 145647, 143590, 142531, 140893, 139243, 138243, 136865, 134771, 133850, 132519, 131512, 130247, 128493, 128006, 127099, 126106, 124520, 123845, 122589, 121860, 121065, 120027, 118955, 118178, 117061, 116143, 115819, 114735, 113418, 112796, 112123, 111698, 110463, 110923, 111580, 109041, 108230, 107204, 106854, 105684, 105121, 104211, 104390, 103571]
GRU_context_x4:
    --------------------------------------------------------------
	AUC_avg   = [65.7876]
	Recal_avg = [0.2326, 0.3791, 0.7260, 1.1461, 1.4934, 1.8037]
	MAP_avg   = [0.4804, 0.5739, 0.6746, 0.7445, 0.7835, 0.8101]
	NDCG_avg  = [1.8575, 1.6293, 1.4543, 1.5194, 1.6555, 1.7798]
	loss_avg  = [817296, 749789, 669079, 603209, 554501, 517868, 488135, 463496, 443044, 424675, 408044, 393385, 378787, 365939, 352575, 340785, 330056, 318662, 308030, 298755, 289082, 279825, 270456, 263615, 255656, 248180, 242173, 235876, 229906, 224134, 218287, 213785, 209083, 204513, 200309, 195755, 192710, 189005, 185057, 182505, 179316, 176020, 173262, 170974, 168451, 165807, 163586, 161146, 158737, 157087, 154557, 152452, 150340, 149178, 147028, 145783, 143830, 142216, 140808, 139364, 137624, 136394, 135178, 133089, 132025, 130907, 130447, 128381, 134057, 131535, 128226, 126803, 125076, 123913, 122719, 121822, 120072, 118873, 117589, 116730, 115613, 114851, 113925, 113041, 111586, 110909, 110463, 109997, 109017, 108247, 107329, 106584, 106408, 105744, 104960, 104046, 103362, 102295, 101875, 101632]
GRU_context_x5:
    --------------------------------------------------------------
	AUC_avg   = [65.8899]
	Recal_avg = [0.2635, 0.4039, 0.7337, 1.1618, 1.4960, 1.7776]
	MAP_avg   = [0.5176, 0.6219, 0.7209, 0.7855, 0.8217, 0.8460]
	NDCG_avg  = [2.1042, 1.7685, 1.5119, 1.5705, 1.7031, 1.8194]
	loss_avg  = [816325, 749996, 669206, 602937, 553923, 517820, 487551, 463398, 443015, 424479, 407809, 393503, 378552, 366214, 352686, 340742, 330069, 318910, 308158, 298930, 289746, 280370, 271130, 264080, 256452, 248891, 242849, 236537, 230485, 225160, 218815, 214752, 209695, 205267, 201241, 196488, 193854, 189606, 185938, 183332, 180011, 176697, 173907, 171412, 168962, 166093, 164060, 163147, 159487, 157348, 155196, 153008, 150778, 149687, 147328, 145998, 144304, 142230, 141026, 139441, 137521, 136497, 135204, 132943, 132006, 130746, 129932, 128218, 126769, 126064, 125539, 124126, 122510, 121773, 120580, 121120, 120458, 118344, 116980, 115910, 115490, 114204, 113434, 112462, 111242, 110558, 109903, 109261, 108170, 107837, 106751, 106146, 105770, 104984, 104356, 103375, 103093, 101832, 101455, 101051]

GRU_context_x2:
    --------------------------------------------------------------
                        AUC       = [65.9097]                                           [10]
                        Recall    = [0.2271, 0.3646, 0.7078, 1.0791, 1.4234, 1.7287],   [79 81 79 82 99 98]
                        MAP       = [0.4392, 0.5457, 0.6654, 0.7337, 0.7715, 0.7998],   [33 80 79 79 79 79]
                        NDCG      = [1.8142, 1.5714, 1.4518, 1.4879, 1.6140, 1.7365],   [79 81 79 79 82 82]
                        AUC       = [66.0322]                                           [12]
                        Recall    = [0.2102, 0.3297, 0.5893, 0.8906, 1.1743, 1.4322],   [58 67 64 85 85 83]
                        MAP       = [0.4452, 0.5336, 0.6313, 0.6793, 0.7056, 0.7238],   [58 58 58 58 67 58]
                        NDCG      = [1.6790, 1.4290, 1.2650, 1.2986, 1.4064, 1.4919],   [58 67 64 67 67 67]
                        AUC       = [66.0508]                                           [8]
                        Recall    = [0.2180, 0.3229, 0.6249, 1.0697, 1.4390, 1.7433],   [ 0 44 95 95 95 95]
                        MAP       = [0.4899, 0.5608, 0.6179, 0.6742, 0.7135, 0.7378],   [ 0  0  0 44 44 44]
                        NDCG      = [1.7412, 1.4131, 1.2212, 1.3110, 1.4307, 1.5354],   [ 0 44 44 44 44 63]
                        AUC       = [65.8294]                                           [10]
                        Recall    = [0.1967, 0.2918, 0.5528, 0.9207, 1.3070, 1.6678],   [ 0 48 48 51 95 95]
                        MAP       = [0.4341, 0.5134, 0.5803, 0.6212, 0.6584, 0.6823],   [ 0  0  0 48 48 48]
                        NDCG      = [1.5709, 1.2860, 1.1614, 1.2491, 1.3676, 1.4638],   [ 0  0 48 48 48 48]
GRU_context_x3:
    --------------------------------------------------------------
                        AUC       = [65.8345]                                           [12]
                        Recall    = [0.2694, 0.4228, 0.7278, 1.1435, 1.4857, 1.7629],   [74 78 85 86 86 85]
                        MAP       = [0.4935, 0.6140, 0.7324, 0.8071, 0.8470, 0.8728],   [78 78 77 77 77 77]
                        NDCG      = [2.1522, 1.8303, 1.5515, 1.5929, 1.7287, 1.8520],   [74 78 77 85 85 85]
                        AUC       = [65.7583]                                           [10]
                        Recall    = [0.2742, 0.4147, 0.7403, 1.1983, 1.5568, 1.8946],   [87 94 99 85 85 96]
                        MAP       = [0.5048, 0.6175, 0.7327, 0.8116, 0.8556, 0.8874],   [94 94 94 94 94 99]
                        NDCG      = [2.1900, 1.8219, 1.5707, 1.6383, 1.7832, 1.9212],   [87 87 99 99 85 96]
                        AUC       = [65.6368]                                           [10]
                        Recall    = [0.2620, 0.4157, 0.7186, 1.1259, 1.4116, 1.6725],   [84 87 87 87 87 86]
                        MAP       = [0.4931, 0.6164, 0.7389, 0.8145, 0.8490, 0.8736],   [84 87 87 87 87 87]
                        NDCG      = [2.0927, 1.8007, 1.5468, 1.6089, 1.7174, 1.8247],   [84 87 87 87 87 87]
                        AUC       = [65.9554]                                           [13]
                        Recall    = [0.2593, 0.4099, 0.7075, 1.1289, 1.4644, 1.7755],   [81 79 93 96 86 96]
                        MAP       = [0.5094, 0.6267, 0.7398, 0.8165, 0.8555, 0.8857],   [81 79 79 79 79 79]
                        NDCG      = [2.0711, 1.7874, 1.5244, 1.5993, 1.7253, 1.8518],   [81 79 79 79 79 79]
GRU_context_x4:
    --------------------------------------------------------------
                        AUC       = [65.8548]                                           [10]
                        Recall    = [0.2458, 0.3788, 0.7501, 1.1536, 1.5019, 1.8171],   [53 83 85 97 97 97]
                        MAP       = [0.4881, 0.5890, 0.6881, 0.7531, 0.7850, 0.8085],   [48 53 58 58 53 53]
                        NDCG      = [1.9629, 1.6523, 1.4513, 1.5103, 1.6421, 1.7735],   [53 53 83 85 85 85]
                        AUC       = [65.6903]                                           [12]
                        Recall    = [0.1973, 0.3632, 0.6729, 1.0700, 1.3919, 1.6996],   [58 58 67 67 95 99]
                        MAP       = [0.4378, 0.5297, 0.6375, 0.7068, 0.7423, 0.7666],   [ 0 58 58 58 67 67]
                        NDCG      = [1.5763, 1.5237, 1.3716, 1.4432, 1.5660, 1.6798],   [58 58 67 67 67 67]
                        AUC       = [65.8971]                                           [11]
                        Recall    = [0.2414, 0.3585, 0.7115, 1.1689, 1.5399, 1.8689],   [ 0 39 91 94 86 86]
                        MAP       = [0.5075, 0.5953, 0.6678, 0.7345, 0.7795, 0.8099],   [ 0  0 44 44 90 90]
                        NDCG      = [1.9278, 1.5936, 1.4284, 1.5162, 1.6671, 1.7979],   [ 0 44 90 91 91 86]
                        AUC       = [65.7083]                                           [10]
                        Recall    = [0.2458, 0.4160, 0.7694, 1.1919, 1.5399, 1.8293],   [46 98 95 98 98 98]
                        MAP       = [0.4881, 0.5818, 0.7051, 0.7836, 0.8271, 0.8555],   [46 46 95 95 95 95]
                        NDCG      = [1.9629, 1.7476, 1.5659, 1.6081, 1.7469, 1.8681],   [46 91 95 95 95 95]
GRU_context_x5:
    --------------------------------------------------------------
                        AUC       = [65.9425]                                           [11]
                        Recall    = [0.2295, 0.3493, 0.7146, 1.1814, 1.5243, 1.8181],   [44 95 91 94 94 94]
                        MAP       = [0.5125, 0.5873, 0.6465, 0.6995, 0.7345, 0.7586],   [ 0  0  0 44 44 44]
                        NDCG      = [1.8331, 1.5299, 1.3349, 1.4490, 1.5922, 1.7105],   [44 44 44 94 98 98]
                        AUC       = [65.8562]                                           [11]
                        Recall    = [0.2864, 0.4309, 0.7406, 1.1550, 1.5094, 1.8201],   [69 73 97 95 95 95]
                        MAP       = [0.5346, 0.6490, 0.7584, 0.8247, 0.8606, 0.8878],   [69 69 69 69 69 69]
                        NDCG      = [2.2874, 1.8992, 1.5812, 1.5937, 1.7191, 1.8458],   [69 69 69 69 69 74]
                        AUC       = [65.9205]                                           [11]
                        Recall    = [0.2854, 0.4411, 0.7582, 1.1485, 1.4525, 1.6935],   [88 98 98 98 98 98]
                        MAP       = [0.5403, 0.6589, 0.7727, 0.8438, 0.8788, 0.9005],   [98 98 98 98 98 98]
                        NDCG      = [2.2792, 1.9332, 1.6346, 1.6593, 1.7839, 1.8898],   [88 98 98 98 98 98]
                        AUC       = [65.8403]                                           [10]
                        Recall    = [0.2525, 0.3944, 0.7214, 1.1621, 1.4979, 1.7788],   [68 96 94 96 99 97]
                        MAP       = [0.4830, 0.5922, 0.7061, 0.7739, 0.8131, 0.8371],   [59 67 67 67 96 97]
                        NDCG      = [2.0170, 1.7117, 1.4969, 1.5798, 1.7173, 1.8313],   [68 67 96 96 96 97]


    网格搜索
GRU_context_h2_x3:
    --------------------------------------------------------------
	AUC_avg   = [65.7967]
	Recal_avg = [0.2448, 0.3876, 0.6925, 1.0841, 1.3919, 1.6590]
	MAP_avg   = [0.4831, 0.5911, 0.7060, 0.7801, 0.8199, 0.8467]
	NDCG_avg  = [1.9548, 1.6859, 1.4724, 1.5206, 1.6388, 1.7504]
	loss_avg  = [822290, 752192, 670238, 603236, 554533, 517841, 488165, 463811, 443168, 424695, 407796, 393110, 378104, 365337, 351183, 339075, 327847, 315670, 304549, 294039, 284071, 274487, 264679, 257255, 248849, 240965, 234384, 227968, 221809, 216282, 209833, 205284, 200566, 195822, 191833, 187509, 184356, 180211, 176730, 174080, 170805, 167466, 164641, 162279, 159719, 157335, 155188, 152870, 150795, 148911, 146767, 144824, 142565, 141465, 139374, 138070, 136469, 134510, 133485, 131718, 130304, 129400, 127906, 126195, 125144, 123955, 123085, 121549, 120342, 119430, 118400, 117623, 116177, 115165, 114406, 113615, 112742, 111751, 110974, 110211, 109062, 108252, 107771, 106910, 105759, 105010, 104378, 104021, 102828, 102562, 101422, 100970, 100623, 99720, 99212, 98429, 97948, 96792, 96597, 96174]
GRU_context_h3_x3:
    --------------------------------------------------------------
	AUC_avg   = [65.8247]
	Recal_avg = [0.2551, 0.3920, 0.6751, 1.0543, 1.3716, 1.6510]
	MAP_avg   = [0.4992, 0.6081, 0.7182, 0.7874, 0.8263, 0.8529]
	NDCG_avg  = [2.0379, 1.7230, 1.4759, 1.5168, 1.6460, 1.7621]
	loss_avg  = [823398, 759039, 676873, 608099, 557316, 520353, 489789, 464794, 444230, 425383, 408391, 393476, 378227, 365421, 351394, 339232, 327622, 315443, 304545, 294096, 284147, 274302, 264636, 257198, 248767, 241054, 234643, 227784, 221760, 216071, 209886, 205607, 200497, 195982, 191785, 187187, 184425, 180611, 176944, 173938, 171131, 167827, 165134, 162558, 160117, 157293, 155651, 153228, 151079, 149058, 147069, 144854, 142798, 141540, 139799, 138133, 136712, 134915, 133758, 132161, 130528, 129669, 128188, 126168, 125133, 123982, 123225, 121670, 120380, 119832, 118420, 117837, 116570, 115586, 114504, 113942, 113089, 112057, 110961, 110450, 109347, 108396, 107927, 106824, 105715, 105384, 104589, 104121, 103028, 102664, 101789, 101234, 100862, 99991, 99305, 98460, 98165, 96980, 96735, 96326]
GRU_context_h4_x3:
    --------------------------------------------------------------
	AUC_avg   = [65.7367]
	Recal_avg = [0.2511, 0.3838, 0.6782, 1.0511, 1.3822, 1.6662]
	MAP_avg   = [0.4978, 0.6067, 0.7172, 0.7867, 0.8262, 0.8526]
	NDCG_avg  = [2.0055, 1.6904, 1.4723, 1.5148, 1.6439, 1.7632]
	loss_avg  = [821123, 749285, 666578, 600730, 552388, 516563, 486824, 462307, 442129, 423763, 406944, 392090, 377240, 363995, 350277, 337938, 326403, 314596, 303805, 293635, 283585, 273502, 264064, 256629, 248292, 240532, 234723, 228050, 221743, 216037, 210251, 205842, 200668, 196218, 192221, 187689, 184701, 180872, 177086, 174577, 171325, 167886, 165454, 163174, 160541, 157810, 155963, 153735, 151387, 149465, 147258, 145347, 143216, 142132, 139961, 138443, 136938, 135232, 133973, 132620, 130837, 129836, 128509, 126568, 125528, 124365, 123381, 122073, 120643, 119968, 118828, 118074, 116639, 115715, 114870, 114282, 113176, 112331, 111363, 110539, 109464, 108735, 108022, 107114, 106280, 105345, 104837, 104474, 103250, 102854, 101789, 101413, 100911, 100063, 99658, 98600, 98251, 97110, 96818, 96529]
GRU_context_h2_x3:
    --------------------------------------------------------------
                        AUC       = [65.7360] - 109-1,  [10]
                        Recall    = [0.2529, 0.3971, 0.6824, 1.0341, 1.2999, 1.5473],   [66 87 98 97 97 97]
                        MAP       = [0.5054, 0.6099, 0.7209, 0.7813, 0.8141, 0.8372],   [94 98 98 97 97 98]
                        NDCG      = [2.0197, 1.7250, 1.4772, 1.5111, 1.6116, 1.7165],   [66 87 98 97 97 97]
                        AUC       = [65.8951] - 109-2,  [10]
                        Recall    = [0.2407, 0.3835, 0.6983, 1.0764, 1.3814, 1.6231],   [95 95 99 91 95 91]
                        MAP       = [0.4808, 0.5865, 0.6975, 0.7761, 0.8165, 0.8402],   [90 94 95 94 95 95]
                        NDCG      = [1.9223, 1.6649, 1.4631, 1.5080, 1.6257, 1.7245],   [95 95 95 95 95 95]
                        AUC       = [65.7150] - 151-1,  [11]
                        Recall    = [0.2366, 0.3764, 0.6797, 1.1062, 1.4471, 1.7419],   [94 94 94 99 99 94]
                        MAP       = [0.4591, 0.5699, 0.6879, 0.7654, 0.8098, 0.8414],   [94 94 94 99 97 94]
                        NDCG      = [1.8899, 1.6363, 1.4449, 1.5084, 1.6446, 1.7745],   [94 94 94 99 97 94]
                        AUC       = [65.8406] - 111-1,  [9]
                        Recall    = [0.2488, 0.3933, 0.7098, 1.1198, 1.4390, 1.7237],   [95 95 93 97 97 93]
                        MAP       = [0.4870, 0.5980, 0.7176, 0.7975, 0.8392, 0.8678],   [97 95 95 97 97 97]
                        NDCG      = [1.9872, 1.7174, 1.5045, 1.5550, 1.6734, 1.7861],   [95 95 93 97 97 93]

GRU_context_h3_x3:
    --------------------------------------------------------------
                        AUC       = [65.7563] - 109-1,  [12]
                        Recall    = [0.2755, 0.4228, 0.7396, 1.1242, 1.4180, 1.6922],   [99 99 98 99 99 96]
                        MAP       = [0.5066, 0.6223, 0.7408, 0.8183, 0.8545, 0.8799],   [99 99 99 99 99 99]
                        NDCG      = [2.2008, 1.8530, 1.5819, 1.5977, 1.7084, 1.8158],   [99 99 99 99 99 99]
                        AUC       = [65.7844] - 109-2,  [10]
                        Recall    = [0.2403, 0.3737, 0.6452, 1.0257, 1.3581, 1.6617],   [81 81 99 99 99 99]
                        MAP       = [0.4925, 0.5951, 0.7019, 0.7651, 0.8038, 0.8333],   [93 93 93 93 93 93]
                        NDCG      = [1.9196, 1.6395, 1.4085, 1.4712, 1.6075, 1.7328],   [81 81 99 99 99 99]
                        AUC       = [65.8521] - 151-1,  [12]
                        Recall    = [0.2373, 0.3656, 0.6225, 0.9823, 1.3073, 1.5666],   [94 99 99 99 99 99]
                        MAP       = [0.4893, 0.5891, 0.6956, 0.7629, 0.8028, 0.8275],   [93 99 99 99 99 99]
                        NDCG      = [1.8953, 1.6115, 1.3931, 1.4518, 1.5871, 1.7012],   [94 99 99 99 99 99]
                        AUC       = [65.9059] - 111-1,  [12]
                        Recall    = [0.2674, 0.4059, 0.6933, 1.0849, 1.4031, 1.6834],   [95 95 95 99 99 99]
                        MAP       = [0.5083, 0.6261, 0.7346, 0.8034, 0.8441, 0.8710],   [95 95 95 95 95 95]
                        NDCG      = [2.1359, 1.7882, 1.5201, 1.5467, 1.6809, 1.7987],   [95 95 95 95 95 95]

GRU_context_h4_x3:
    --------------------------------------------------------------
                        AUC       = [65.6659] - 109-1,  [10]
                        Recall    = [0.2579, 0.3852, 0.6421, 0.9702, 1.2768, 1.5341],   [97 85 97 98 95 91]
                        MAP       = [0.5346, 0.6358, 0.7356, 0.7983, 0.8378, 0.8618],   [97 97 97 97 97 97]
                        NDCG      = [2.0602, 1.7096, 1.4518, 1.4760, 1.5991, 1.7069],   [97 97 97 97 97 97]
                        AUC       = [65.5715] - 109-2,  [12]
                        Recall    = [0.2512, 0.3822, 0.6872, 1.0680, 1.3753, 1.6516],   [86 86 95 93 93 93]
                        MAP       = [0.4813, 0.5944, 0.7063, 0.7794, 0.8169, 0.8406],   [86 87 86 86 86 86]
                        NDCG      = [2.0062, 1.6863, 1.4762, 1.5182, 1.6351, 1.7508],   [86 86 95 86 93 93]
                        AUC       = [66.0315] - 151-1,  [12]
                        Recall    = [0.2430, 0.3768, 0.6807, 1.0568, 1.4055, 1.6925],   [97 97 94 95 95 95]
                        MAP       = [0.4838, 0.5938, 0.7091, 0.7751, 0.8153, 0.8418],   [97 97 97 97 97 97]
                        NDCG      = [1.9413, 1.6561, 1.4548, 1.5023, 1.6443, 1.7624],   [97 97 97 95 95 95]
                        AUC       = [65.6778] - 111-1,  [10]
                        Recall    = [0.2522, 0.3910, 0.7027, 1.1096, 1.4711, 1.7866],   [98 87 92 99 99 98]
                        MAP       = [0.4914, 0.6028, 0.7178, 0.7940, 0.8349, 0.8663],   [98 95 98 98 98 98]
                        NDCG      = [2.0143, 1.7095, 1.5064, 1.5626, 1.6972, 1.8326],   [98 87 98 98 98 98]

GRU_context_h5_x3: 这个上边已经跑过了。
    --------------------------------------------------------------


