

params:
    ('dataset', 'user_buys.txt')
    ('mode', 'test')
    ('split', [0.8])
    ('at_nums', [1, 2, 5, 10, 15, 20])
    ('intervals', [2, 10, 30])
    ('epochs', 100)
    ('latent_size', [20, 1024, 100])
    ('alpha', 0.01)
    ('lambda', 0.001)
    ('window_h', 2)
    ('window_x', 2)
    ('batch_size_train', 1)
    ('batch_size_test', 600)
    Original data ...
        users num:        65573
        trans num:        833646
        items num:        69210
        sparsity:         0.999816309047
        avg. user buy:    12.7132508807
        avg. item bought: 12.0451668834
    Remove duplicates in test set: mode = test ...
        user  num:        65573
        trans num:        833646
        items num:        69210
        sparsity:         0.999816309047
        avg. user buy:    12.7132508807
        avg. item bought: 12.0451668834
    Use aliases to represent items ...
    Devide test items into intervals ...
        intervals               = [2, 10, 30]
        test_i_intervals_cumsum = [ 30803  43519  51720  58001  63065  66917  70256  73274  75970 192615]
        test_i_cold_warm        = [ 43519 149096]
data:
	--------------------------------------------------------------
    split=0.8, test自身去重
    All values is the "best * 100" on epoch 99:
    每个跑4次：
        109 *2,
        151 *1,
        111 *1

【【【【【【【【【【【【【【【【【【【【【【【【【【【【【【【【【【【【【【【【【【【【【【【【【【【【【【【【【【【【【【【【【【【【【【【【【【【
Random:
    --------------------------------------------------------------
	AUC_avg   = [0.0000]
	Recal_avg = [0.0006, 0.0027, 0.0073, 0.0145, 0.0217, 0.0305]
	MAP_avg   = [0.0006, 0.0017, 0.0030, 0.0039, 0.0045, 0.0050]
	NDCG_avg  = [0.0019, 0.0035, 0.0057, 0.0089, 0.0115, 0.0143]
Pop:
    --------------------------------------------------------------
	AUC_avg   = [83.2914]
	Recal_avg = [0.0036, 0.0073, 0.0260, 1.1884, 1.1905, 1.5108]
	MAP_avg   = [0.0031, 0.0051, 0.0122, 0.1823, 0.1826, 0.2087]
	NDCG_avg  = [0.0107, 0.0107, 0.0185, 0.5352, 0.5361, 0.6475]
Random:
    --------------------------------------------------------------
			AUC       = [0.0000], 	[0]
			Recall    = [0.0010, 0.0021, 0.0062, 0.0104, 0.0187, 0.0327], 	[0 0 0 0 0 0]
			MAP       = [0.0009, 0.0014, 0.0026, 0.0031, 0.0037, 0.0045], 	[0 0 0 0 0 0]
			NDCG      = [0.0031, 0.0031, 0.0049, 0.0067, 0.0096, 0.0141], 	[0 0 0 0 0 0]
			AUC       = [0.0000], 	[0]
			Recall    = [0.0010, 0.0036, 0.0073, 0.0197, 0.0265, 0.0332], 	[0 0 0 0 0 0]
			MAP       = [0.0013, 0.0028, 0.0037, 0.0053, 0.0058, 0.0062], 	[0 0 0 0 0 0]
			NDCG      = [0.0031, 0.0048, 0.0063, 0.0119, 0.0143, 0.0166], 	[0 0 0 0 0 0]
			AUC       = [0.0000], 	[0]
			Recall    = [0.0000, 0.0026, 0.0073, 0.0135, 0.0197, 0.0275], 	[0 0 0 0 0 0]
			MAP       = [0.0000, 0.0013, 0.0028, 0.0035, 0.0040, 0.0045], 	[0 0 0 0 0 0]
			NDCG      = [0.0000, 0.0029, 0.0055, 0.0083, 0.0105, 0.0130], 	[0 0 0 0 0 0]
			AUC       = [0.0000], 	[0]
			Recall    = [0.0005, 0.0026, 0.0083, 0.0145, 0.0218, 0.0286], 	[0 0 0 0 0 0]
			MAP       = [0.0004, 0.0015, 0.0030, 0.0039, 0.0044, 0.0047], 	[0 0 0 0 0 0]
			NDCG      = [0.0015, 0.0033, 0.0060, 0.0089, 0.0115, 0.0136], 	[0 0 0 0 0 0]
Pop:
    --------------------------------------------------------------
			AUC       = [83.3679], 	[0]
			Recall    = [0.0036, 0.0073, 0.0260, 1.1884, 1.1905, 1.5108], 	[0 0 0 0 0 0]
			MAP       = [0.0031, 0.0051, 0.0122, 0.1823, 0.1826, 0.2087], 	[0 0 0 0 0 0]
			NDCG      = [0.0107, 0.0107, 0.0185, 0.5352, 0.5361, 0.6475], 	[0 0 0 0 0 0]
			AUC       = [83.2796], 	[0]
			Recall    = [0.0036, 0.0073, 0.0260, 1.1884, 1.1905, 1.5108], 	[0 0 0 0 0 0]
			MAP       = [0.0031, 0.0051, 0.0122, 0.1823, 0.1826, 0.2087], 	[0 0 0 0 0 0]
			NDCG      = [0.0107, 0.0107, 0.0185, 0.5352, 0.5361, 0.6475], 	[0 0 0 0 0 0]
			AUC       = [83.2448], 	[0]
			Recall    = [0.0036, 0.0073, 0.0260, 1.1884, 1.1905, 1.5108], 	[0 0 0 0 0 0]
			MAP       = [0.0031, 0.0051, 0.0122, 0.1823, 0.1826, 0.2087], 	[0 0 0 0 0 0]
			NDCG      = [0.0107, 0.0107, 0.0185, 0.5352, 0.5361, 0.6475], 	[0 0 0 0 0 0]
			AUC       = [83.2734], 	[0]
			Recall    = [0.0036, 0.0073, 0.0260, 1.1884, 1.1905, 1.5108], 	[0 0 0 0 0 0]
			MAP       = [0.0031, 0.0051, 0.0122, 0.1823, 0.1826, 0.2087], 	[0 0 0 0 0 0]
			NDCG      = [0.0107, 0.0107, 0.0185, 0.5352, 0.5361, 0.6475], 	[0 0 0 0 0 0]


【【【【【【【【【【【【【【【【【【【【【【【【【【【【【【【【【【【【【【【【【【【【【【【【【【【【【【【【【【【【【【【【【【【【【【【【【【【
MF:
    --------------------------------------------------------------
	AUC_avg   = [90.4190]
	Recal_avg = [3.1837, 4.6305, 7.4455, 13.8029, 28.3426, 32.9222]
	MAP_avg   = [3.1347, 4.1771, 5.3242,  6.3884,  7.8627,  8.3190]
	NDCG_avg  = [9.3518, 7.3106, 7.3434,  9.6016, 14.8882, 16.3191]
	loss_avg  = [9728278, 4503075, 2456875, 1409911, 804248, 448543, 250347, 143970, 87056, 55680, 37514, 26467, 19427, 14759, 11562, 9300, 7658, 6433, 5499, 4774, 4196, 3732, 3350, 3032, 2765, 2537, 2340, 2171, 2022, 1892, 1776, 1673, 1582, 1499, 1424, 1357, 1296, 1240, 1188, 1142, 1099, 1059, 1023, 989, 958, 929, 902, 877, 853, 831, 810, 791, 773, 756, 740, 725, 711, 697, 684, 672, 661, 650, 640, 630, 621, 612, 604, 596, 588, 581, 574, 567, 561, 555, 549, 543, 538, 533, 528, 523, 519, 515, 510, 506, 502, 499, 495, 492, 488, 485, 482, 479, 476, 473, 471, 468, 465, 463, 461, 458]
MF:
    --------------------------------------------------------------
                        AUC       = [90.4151],  [68]
                        Recall    = [3.4899, 4.3304, 6.5322, 14.3125, 28.7439, 33.2150],        [32 32  0  2 49 91]
                        MAP       = [3.4085, 3.8783, 4.5489, 5.6031, 8.1759, 8.6074],   [32 32  0  0 32 32]
                        NDCG      = [10.2512, 7.2406, 6.7644, 8.8290, 15.3442, 16.7129],        [32 32 32  2 32 32]
                        AUC       = [90.4005],  [85]
                        Recall    = [3.1597, 4.7847, 7.6209, 13.4844, 27.9552, 32.4809],        [ 0  0  0  2 44 90]
                        MAP       = [3.1258, 4.4255, 5.7089, 6.6608, 7.5249, 7.9823],   [ 0  0  0  0 38 38]
                        NDCG      = [9.2813, 7.5373, 7.5794, 9.7163, 14.4886, 15.9174],         [ 0  0  0  0 38 38]
                        AUC       = [90.5106],  [92]
                        Recall    = [2.9250, 4.1814, 7.0161, 12.9242, 27.7720, 32.4456],        [36  0  0  1 36 88]
                        MAP       = [2.8748, 3.6813, 4.8250, 5.8008, 7.6509, 8.1317],   [36  0  0  0 36 36]
                        NDCG      = [8.5920, 6.4260, 6.7221, 8.9092, 14.6289, 16.1195],         [36  0  0  0 36 36]
                        AUC       = [90.3497],  [76]
                        Recall    = [3.1602, 5.2254, 8.6130, 14.4906, 28.8991, 33.5472],        [ 0  0  0  0 59 90]
                        MAP       = [3.1296, 4.7231, 6.2140, 7.4890, 8.0992, 8.5544],   [0 0 0 0 3 3]
                        NDCG      = [9.2828, 8.0386, 8.3078, 10.9518, 15.0912, 16.5265],        [0 0 0 0 3 3]

BPR:
    --------------------------------------------------------------
	AUC_avg   = [86.9817]
	Recal_avg = [1.7174, 2.4514, 4.0917, 8.5229, 23.7495, 29.2090]
	MAP_avg   = [1.7120, 2.1219, 2.6371, 3.3795,  5.2148,  5.7397]
	NDCG_avg  = [5.0448, 3.9203, 4.0503, 5.9918, 10.9348, 12.5552]
	loss_avg  = [464134, 457815, 449433, 430002, 390125, 354572, 335790, 322257, 309944, 297394, 284727, 271867, 258913, 246257, 234170, 222981, 212596, 203061, 194261, 186243, 178922, 172051, 165634, 159741, 154185, 149083, 144226, 139672, 135420, 131205, 127445, 123719, 120298, 116961, 113688, 110726, 107925, 105072, 102349, 99802, 97420, 95086, 92825, 90677, 88554, 86456, 84563, 82707, 80930, 79111, 77447, 75808, 74192, 72708, 71233, 69822, 68411, 67109, 65783, 64393, 63280, 62040, 60864, 59783, 58626, 57650, 56635, 55590, 54634, 53737, 52656, 51857, 51017, 50081, 49279, 48487, 47681, 46903, 46133, 45407, 44690, 44008, 43316, 42717, 42017, 41357, 40748, 40120, 39581, 39033, 38354, 37867, 37378, 36856, 36311, 35850, 35256, 34886, 34342, 33948]
BPR:
    --------------------------------------------------------------
                        AUC       = [86.7217]                                           ,  [98]
                        Recall    = [1.7600, 2.5720, 4.2016, 8.5751, 22.9671, 29.1452],         [62 62 62 67 98 99]
                        MAP       = [1.7482, 2.1881, 2.6999, 3.4631, 5.2731, 5.8414]    ,   [62 62 62 62 62 62]
                        NDCG      = [5.1698, 4.0925, 4.1794, 6.1479, 11.0102, 12.6156],         [62 62 62 62 62 67]
                        AUC       = [86.9621]                                           ,  [98]
                        Recall    = [1.7844, 2.5922, 4.4088, 8.7143, 23.9706, 29.0533],         [61 67 67 67 99 99]
                        MAP       = [1.7843, 2.2641, 2.8595, 3.6151, 5.4704, 5.9682]    ,   [61 61 67 67 67 67]
                        NDCG      = [5.2415, 4.1046, 4.3078, 6.2457, 11.1952, 12.7875],         [61 61 67 67 84 84]
                        AUC       = [87.2056]                                           ,  [99]
                        Recall    = [1.7553, 2.4354, 3.9509, 8.4173, 23.7121, 29.0377],         [61 53 58 67 99 99]
                        MAP       = [1.7498, 2.1306, 2.6011, 3.3080, 5.1233, 5.6309]    ,   [61 61 61 62 62 69]
                        NDCG      = [5.1561, 3.9337, 3.9772, 5.8718, 10.8644, 12.4495],         [61 61 58 62 69 82]
                        AUC       = [87.0374]                                           ,  [98]
                        Recall    = [1.5700, 2.2060, 3.8055, 8.3851, 24.3481, 29.6000],         [55 55 58 67 99 99]
                        MAP       = [1.5657, 1.9049, 2.3879, 3.1317, 4.9924, 5.5181]    ,   [55 55 58 58 61 61]
                        NDCG      = [4.6117, 3.5503, 3.7370, 5.7020, 10.6695, 12.3680],         [55 55 58 58 69 99]



【【【【【【【【【【【【【【【【【【【【【【【【【【【【【【【【【【【【【【【【【【【【【【【【【【【【【【【【【【【【【【【【【【【【【【【【【【【
GRU:
    --------------------------------------------------------------
	AUC_avg   = [91.5458]
	Recal_avg = [ 4.3238, 6.5492, 11.1448, 17.5597, 21.4126, 23.4917]
	MAP_avg   = [ 4.3520, 5.1512,  6.1186,  7.3186,  7.5512,  8.0118]
	NDCG_avg  = [12.7007, 9.6575,  9.4511, 11.9869, 12.9692, 14.2572]
	loss_avg  = [285807, 209229, 183459, 168905, 158766, 151107, 144609, 139251, 134378, 130247, 126756, 123508, 120359, 117072, 114622, 112138, 109986, 107806, 105620, 103780, 101936, 100516, 98992, 97327, 96052, 94802, 93549, 92134, 91255, 90354, 89250, 88256, 87230, 86411, 85517, 85084, 84258, 83390, 82902, 81976, 81212, 80856, 80415, 79768, 79051, 78756, 78301, 77780, 77303, 76897, 76424, 76035, 75670, 75159, 74942, 74692, 74064, 73974, 73702, 73240, 73033, 72548, 72326, 71950, 71813, 71531, 71074, 71079, 70750, 70572, 70196, 69942, 69810, 69613, 69300, 69177, 69058, 68800, 68525, 68298, 68170, 68045, 67826, 67516, 67516, 67259, 67314, 66991, 66758, 66577, 66471, 66329, 66120, 65983, 65931, 65855, 65549, 65480, 65318, 65130]
GRU:
    --------------------------------------------------------------
                        AUC       = [91.7872]                                               ,  [94]
                        Recall    = [2.2485, 7.0140, 13.6210, 21.4205, 25.3308, 27.4236]    ,       [65  4 92 81 93 92]
                        MAP       = [2.3542, 4.2885, 5.6188, 7.7516, 8.0070, 8.1747]        ,   [65  4 64 44 44 44]
                        NDCG      = [6.6049, 8.9007, 9.6011, 13.0649, 14.1973, 14.8887]     ,        [65  4 84 44 94 92]
                        AUC       = [91.4363]                                               ,  [97]
                        Recall    = [6.3225, 8.7963, 12.2955, 15.9749, 22.8643, 24.9981]    ,       [ 2 82 98 98 87 93]
                        MAP       = [6.2782, 6.6191, 7.1002, 7.6652, 7.9595, 8.7266]        ,   [ 2  5 82 82 82 82]
                        NDCG      = [18.5717, 12.2151, 11.0422, 12.3412, 13.7765, 15.6001]  ,     [ 2  6 82 82 87 82]
                        AUC       = [91.5500]                                               ,  [91]
                        Recall    = [2.2226, 3.5683, 6.7503, 17.0132, 19.5291, 21.8939]     ,        [66 98 98 98 95 95]
                        MAP       = [2.3114, 3.0545, 4.0589, 5.9722, 6.2743, 6.4873]        ,   [66 66 98 98 98 98]
                        NDCG      = [6.5286, 5.4445, 6.2831, 11.1518, 12.0784, 12.8454]     ,        [66 98 98 98 98 98]
                        AUC       = [91.4098]                                               ,  [94]
                        Recall    = [6.5016, 6.8183, 11.9124, 15.8300, 17.9264, 19.6511]    ,       [ 6  6 82 98 98 98]
                        MAP       = [6.4640, 6.6426, 7.6963, 7.8856, 7.9639, 8.6588]        ,   [6 6 6 6 6 6]
                        NDCG      = [19.0978, 12.0696, 10.8778, 11.3898, 11.8247, 13.6948]  ,     [ 6  6  6  6 98  6]


【【【【【【【【【【【【【【【【【【【【【【【【【【【【【【【【【【【【【【【【【【【【【【【【【【【【【【【【【【【【【【【【【【【【【【【【【【【
    h 就用这个, 8次平均
GRU_context_h2: - 【略优于gru】
    --------------------------------------------------------------
	AUC_avg   = [91.2668]
	Recal_avg = [ 3.9996, 5.9229, 11.2593, 18.6999, 22.0209, 25.4593]
	MAP_avg   = [ 4.0433, 4.9443,  6.4335,  7.8811,  8.2789,  8.4842]
	NDCG_avg  = [11.7486, 9.0583,  9.8284, 12.9713, 14.1256, 15.1323]
	loss_avg  = [235685, 161368, 135554, 120559, 109984, 102084, 95403, 89866, 84790, 80444, 76514, 73184, 69902, 66607, 63818, 61473, 59168, 56698, 54610, 52674, 51037, 49526, 47997, 46327, 45120, 43963, 42874, 41501, 40639, 39816, 38760, 37872, 36952, 36339, 35515, 35076, 34392, 33653, 33139, 32299, 31665, 31343, 30931, 30434, 29856, 29619, 29215, 28672, 28301, 27956, 27513, 27084, 26900, 26438, 26172, 25948, 25491, 25392, 25244, 24794, 24549, 24206, 23987, 23682, 23495, 23256, 23013, 22909, 22618, 22469, 22191, 21949, 21908, 21678, 21421, 21301, 21155, 20926, 20675, 20578, 20447, 20305, 20155, 19941, 19927, 19701, 19728, 19454, 19237, 19155, 18984, 18836, 18726, 18659, 18469, 18493, 18288, 18203, 17972, 17843]
GRU_context_h3: - 【最优】
    --------------------------------------------------------------
	AUC_avg   = [91.4281]
	Recal_avg = [ 4.8791,  8.1812, 14.5617, 19.9930, 24.0104, 26.2330]
	MAP_avg   = [ 4.9089,  6.3210,  8.8203,  9.9789, 10.3806, 10.6519]
	NDCG_avg  = [14.3319, 11.9080, 12.9881, 15.3525, 16.5222, 17.3607]
	loss_avg  = [238135, 162532, 136206, 120835, 110022, 101873, 94986, 89547, 84271, 79809, 75869, 72624, 69344, 65962, 63282, 60788, 58538, 56065, 54088, 52226, 50496, 48953, 47355, 45729, 44601, 43312, 42271, 40852, 40025, 39193, 38170, 37302, 36427, 35641, 34985, 34447, 33785, 32940, 32413, 31647, 31021, 30708, 30276, 29733, 29200, 28902, 28475, 28034, 27510, 27290, 26776, 26449, 26216, 25717, 25489, 25313, 24799, 24753, 24447, 24072, 23934, 23575, 23280, 23012, 22785, 22657, 22314, 22246, 22074, 21870, 21545, 21216, 21206, 21042, 20738, 20561, 20520, 20379, 20027, 19943, 19813, 19646, 19495, 19263, 19257, 18997, 19077, 18772, 18557, 18517, 18393, 18156, 18130, 18053, 17913, 17914, 17690, 17556, 17354, 17282]
GRU_context_h4: - 【略优于gru】
    --------------------------------------------------------------
	AUC_avg   = [91.5351]
	Recal_avg = [ 3.2487,  6.4071, 11.9055, 19.1321, 23.0344, 25.3657]
	MAP_avg   = [ 3.3026,  4.9137,  6.3518,  7.7130,  8.1930,  8.3435]
	NDCG_avg  = [ 9.5426,  9.2075,  9.6851, 12.4649, 13.9295, 14.7001]
	loss_avg  = [236292, 162085, 135888, 120555, 109758, 101734, 94875, 89342, 84257, 79832, 75901, 72803, 69547, 66214, 63496, 61047, 58737, 56482, 54395, 52499, 50863, 49345, 47825, 46224, 45027, 43832, 42727, 41403, 40542, 39756, 38717, 37801, 36967, 36237, 35480, 35111, 34370, 33605, 33048, 32272, 31688, 31320, 30934, 30474, 29824, 29511, 29221, 28709, 28309, 28041, 27478, 27106, 26961, 26462, 26293, 26059, 25564, 25446, 25205, 24834, 24638, 24318, 24089, 23711, 23575, 23373, 22986, 22941, 22757, 22579, 22190, 22059, 21942, 21712, 21437, 21344, 21214, 21089, 20844, 20645, 20575, 20395, 20252, 19995, 19962, 19798, 19733, 19528, 19284, 19253, 19099, 18958, 18840, 18720, 18592, 18673, 18400, 18269, 18100, 17966]
GRU_context_h5: - 【优于gru，略低于h3】
    --------------------------------------------------------------
	AUC_avg   = [91.5333]
	Recal_avg = [ 5.3792,  7.0050, 13.6326, 19.6146, 23.0484, 25.1623]
	MAP_avg   = [ 5.3847,  6.2007,  8.2988,  9.3870,  9.7436, 10.0138]
	NDCG_avg  = [15.8009, 11.1353, 12.0613, 14.6472, 15.6654, 16.5719]
	loss_avg  = [237260, 161521, 135313, 120226, 109529, 101485, 94716, 89150, 83995, 79690, 75945, 72555, 69347, 66024, 63338, 60892, 58677, 56358, 54259, 52441, 50731, 49245, 47771, 46081, 44998, 43882, 42692, 41404, 40588, 39708, 38686, 37858, 36955, 36352, 35472, 35155, 34367, 33633, 33083, 32306, 31718, 31330, 30994, 30469, 29875, 29572, 29173, 28690, 28281, 28006, 27473, 27138, 27057, 26451, 26270, 26083, 25438, 25490, 25286, 24784, 24613, 24305, 24094, 23757, 23551, 23342, 23076, 22929, 22680, 22561, 22250, 22026, 21963, 21686, 21542, 21339, 21217, 21065, 20828, 20670, 20510, 20314, 20210, 20028, 19889, 19761, 19743, 19442, 19210, 19189, 19062, 18897, 18766, 18702, 18533, 18626, 18376, 18250, 18060, 17943]
GRU_context_h2:
    --------------------------------------------------------------
                        AUC       = [91.1326]  -109-1                                               ,  [96]
                        Recall    = [7.1490, 8.6483, 13.2565, 16.7375, 19.5909, 21.5783]    ,       [69 69 95 89 93 97]
                        MAP       = [7.1305, 7.9627, 9.3787, 10.0279, 10.4019, 10.5985]     ,        [69 69 69 69 69 69]
                        NDCG      = [20.9995, 14.5796, 13.2763, 14.7630, 15.9885, 16.7443]  ,     [69 69 69 69 69 69]
                        AUC       = [91.7488]  -109-2                                               ,  [97]
                        Recall    = [1.9199, 3.2630, 8.3498, 15.1177, 18.2852, 25.8708]     ,        [87 85 11 99 94 89]
                        MAP       = [1.9774, 2.5229, 3.2798, 4.7824, 5.1680, 5.4193]        ,   [90 91 91 99 99 99]
                        NDCG      = [5.6395, 4.6495, 5.7326, 9.2969, 10.3917, 12.2356]      ,         [87 91 11 99 99 89]
                        AUC       = [91.0604]  -151-1                                               ,  [94]
                        Recall    = [6.6464, 8.8560, 12.0697, 15.9214, 18.1341, 19.9470]    ,       [17 88 99 95 90 97]
                        MAP       = [6.6015, 6.9723, 7.9836, 8.3181, 8.5238, 8.6287]        ,   [17 17 35 35 35 35]
                        NDCG      = [19.5233, 12.7116, 11.6829, 12.9246, 13.7189, 14.3321]  ,     [17 17 35 93 93 93]
                        AUC       = [91.4077] -111-1                                               ,  [97]
                        Recall    = [2.2241, 3.2640, 10.4197, 22.1592, 24.6969, 27.2777]    ,       [98 98 49 89 98 95]
                        MAP       = [2.3269, 2.9605, 3.9922, 6.6822, 7.0033, 7.2189]        ,   [98 98 49 98 98 98]
                        NDCG      = [6.5332, 5.1875, 7.3281, 12.4844, 13.4612, 14.2161]     ,        [98 98 49 98 98 98]
                        AUC       = [91.4487]  -109-3,  [91]
                        Recall    = [1.8259, 7.3738, 9.7931, 15.0845, 22.6083, 30.5267],        [98 67 31 96 96 95]
                        MAP       = [1.8952, 4.5367, 5.4009, 6.2487, 6.4449, 6.8165],   [98 67 67 67 67 83]
                        NDCG      = [5.3635, 9.3320, 8.7751, 10.6914, 11.8741, 14.1549],        [98 67 67 67 83 83]
                        AUC       = [91.3600]  -109-4,  [91]
                        Recall    = [7.8919, 9.2848, 12.2690, 17.7214, 20.2077, 22.3430],       [64 98 64 98 98 98]
                        MAP       = [7.8725, 8.7119, 9.7867, 10.8254, 11.1318, 11.3383],        [64 98 98 98 98 98]
                        NDCG      = [23.1818, 15.7964, 13.9422, 16.4270, 17.3475, 18.0564],     [64 98 98 98 98 98]
                        AUC       = [91.1845] -151-2,  [99]
                        Recall    = [2.2340, 3.6441, 18.6242, 27.1879, 29.4001, 31.0220],       [90 98 93 95 91 97]
                        MAP       = [2.3328, 3.1131, 8.2178, 11.1380, 11.4271, 11.5661],        [90 90 91 91 91 91]
                        NDCG      = [6.5622, 5.4017, 12.8333, 16.8683, 17.7507, 18.2806],       [90 90 93 91 91 91]
                        AUC       = [90.7920] -111-2,  [87]
                        Recall    = [2.1058, 3.0491, 5.2924, 19.6693, 23.2438, 25.1092],        [98 93 99 70 97 97]
                        MAP       = [2.2096, 2.7741, 3.4283, 5.0259, 6.1306, 6.2871],   [98 98 98 98 98 91]
                        NDCG      = [6.1855, 4.8085, 5.0570, 10.3145, 12.4722, 13.0383],        [98 98 98 70 98 98]
GRU_context_h3:
    --------------------------------------------------------------
                        AUC       = [91.8848]  -109-1                                               ,  [99]
                        Recall    = [6.8749, 9.2719, 17.8813, 21.7288, 25.4731, 28.0207]    ,       [13 95 76 91 90 93]
                        MAP       = [6.8470, 7.0956, 10.0488, 10.7849, 11.1490, 11.3583]    ,       [13 13 76 76 76 76]
                        NDCG      = [20.1943, 12.8765, 14.4327, 16.0984, 17.1500, 17.9093]  ,     [13 13 76 76 95 95]
                        AUC       = [91.4560]  -109-2                                               ,  [94]
                        Recall    = [2.7189, 3.8844, 12.6672, 16.3777, 22.7018, 25.5255]    ,       [98 97 95 99 76 85]
                        MAP       = [2.7871, 3.4395, 6.6835, 7.2176, 7.8106, 7.9884]        ,   [98 97 86 86 76 76]
                        NDCG      = [7.9865, 6.1068, 10.6099, 12.2153, 14.1345, 14.9632]    ,       [98 97 86 99 76 88]
                        AUC       = [91.2551]  -151-1                                               ,  [96]
                        Recall    = [2.1208, 8.2211, 16.9270, 22.2636, 23.6347, 25.4399]    ,       [93 93 70  4  9 99]
                        MAP       = [2.2334, 5.2872, 8.5028, 9.1629, 9.3824, 9.6153]        ,   [93 93 70 56 56 70]
                        NDCG      = [6.2297, 10.7517, 13.0817, 14.8701, 15.6696, 16.2543]   ,      [93 93 70 93 93 93]
                        AUC       = [91.1352] -111-1                                               ,  [93]
                        Recall    = [7.4517, 9.4608, 13.2124, 18.6050, 21.8031, 23.7702]    ,       [39 78 99 39 49 49]
                        MAP       = [7.4084, 7.8231, 9.2318, 11.3388, 11.6034, 11.7494]     ,        [39 39 39 39 39 39]
                        NDCG      = [21.8886, 14.1625, 13.0071, 16.5231, 17.3004, 17.9065]  ,     [39 39 39 39 39 39]
                        AUC       = [91.3859]  -109-3,  [96]
                        Recall    = [7.1505, 8.8991, 12.3500, 16.5127, 21.1453, 22.8835],       [95 86 82 97 44 44]
                        MAP       = [7.1041, 7.9432, 9.3717, 10.1088, 10.4400, 10.5870],        [95 95 95 95 95 95]
                        NDCG      = [21.0041, 14.5293, 13.4220, 15.3602, 16.2876, 16.8260],     [95 95 95 95 95 95]
                        AUC       = [91.6029]  -109-4,  [97]
                        Recall    = [2.6680, 8.5533, 13.6386, 27.6505, 30.9124, 33.3572],       [86 69 92 85 92 95]
                        MAP       = [2.7588, 5.1733, 7.0310, 10.4451, 11.3609, 11.5801],        [86 69 92 69 86 86]
                        NDCG      = [7.8371, 10.7117, 11.3026, 16.9629, 18.6593, 19.4323],      [86 69 92 69 92 86]
                        AUC       = [91.3335] -151-2,  [99]
                        Recall    = [7.9179, 9.1805, 18.4954, 22.5154, 25.6299, 27.8478],       [97 94 96 87 97 96]
                        MAP       = [7.8843, 8.6756, 13.1144, 13.6806, 13.9845, 14.2913],       [97 94 56 56 56 56]
                        NDCG      = [23.2580, 15.6854, 17.7594, 19.2136, 20.3111, 21.1089],     [97 94 56 96 96 96]
                        AUC       = [91.3714] -111-2,  [96]
                        Recall    = [2.1302, 7.9781, 11.3221, 14.2902, 20.7829, 23.0190],       [86 88 85 99 81 92]
                        MAP       = [2.2480, 5.1307, 6.5786, 7.0921, 7.3138, 8.0455],   [86 88 88 88 88 88]
                        NDCG      = [6.2571, 10.4401, 10.2895, 11.5760, 12.6651, 14.4851],      [86 88 88 88 81 88]
GRU_context_h4:
    --------------------------------------------------------------
                        AUC       = [91.6450]  -109-1                                               ,  [97]
                        Recall    = [2.2361, 9.2454, 17.1601, 22.5875, 25.0344, 27.2673]    ,       [64 62 37 98 98 99]
                        MAP       = [2.3108, 5.9617, 8.1792, 9.9293, 10.2366, 10.3965]      ,         [62 62 37 62 62 62]
                        NDCG      = [6.5683, 11.9813, 12.4138, 15.6513, 16.5656, 17.1750]   ,      [64 62 37 62 62 78]
                        AUC       = [91.4410]  -109-2                                               ,  [99]
                        Recall    = [6.4045, 7.7419, 11.5417, 15.6390, 19.2545, 21.6276]    ,       [14 36 80 99 97 99]
                        MAP       = [6.3486, 6.7606, 7.5851, 7.8878, 8.0496, 8.1476]        ,   [14 14 14 14 14 14]
                        NDCG      = [18.8126, 12.3408, 10.8804, 11.6398, 12.1918, 13.1301]  ,     [14 14 14 14 14 90]
                        AUC       = [91.3330]  -151-1                                               ,  [98]
                        Recall    = [1.9002, 2.8025, 11.2707, 26.3562, 29.6327, 31.8469]    ,       [66 65 95 97 95 97]
                        MAP       = [1.9584, 2.3890, 4.4823, 8.6720, 9.0485, 9.2179]        ,   [66 66 66 93 93 93]
                        NDCG      = [5.5816, 4.2660, 7.8119, 14.5046, 15.7550, 16.4532]     ,        [66 66 66 97 93 97]
                        AUC       = [91.7566] -111-1                                               ,  [87]
                        Recall    = [1.8742, 2.6478, 4.9944, 13.5976, 20.0047, 22.9754]     ,        [92 98 99 98 72 73]
                        MAP       = [1.9621, 2.4006, 3.1235, 4.7663, 5.0841, 5.2453]        ,      [92 98 98 98 98 98]
                        NDCG      = [5.5053, 4.1718, 4.7004, 8.9236, 10.0602, 11.1328]      ,         [92 98 98 98 72 73]
                        AUC       = [91.7551]  -109-3,  [96]
                        Recall    = [2.0616, 3.4296, 10.7079, 17.5490, 23.9457, 26.0753],       [95 95 51 11 98 93]
                        MAP       = [2.1640, 3.0894, 4.9363, 5.9382, 7.2070, 7.3977],   [95 95 92 92 92 92]
                        NDCG      = [6.0558, 5.2677, 8.4158, 10.4909, 13.6234, 14.2898],        [95 95 92 92 92 92]
                        AUC       = [91.5142]  -109-4,  [97]
                        Recall    = [1.9583, 8.3934, 12.0193, 22.5128, 25.0754, 27.0649],       [91 80 86 97 97 97]
                        MAP       = [2.0443, 4.8604, 6.1237, 7.2164, 8.2703, 8.4318],   [91 80 80 80 80 80]
                        NDCG      = [5.7524, 10.1963, 10.1546, 13.1393, 14.9535, 15.5542],      [91 80 80 91 80 80]
                        AUC       = [91.5900] -151-2,  [96]
                        Recall    = [2.9401, 9.9395, 15.7246, 18.8905, 23.2692, 26.3219],       [95 99 14 38 92 92]
                        MAP       = [3.0510, 6.9555, 9.1393, 9.8078, 9.9543, 10.0332],  [95 84  7  7  7  7]
                        NDCG      = [8.6362, 13.0206, 12.8591, 13.9621, 15.9839, 16.9888],      [95 84 11 38 93 93]
                        AUC       = [91.2457] -111-2,  [96]
                        Recall    = [6.6142, 7.0566, 11.8257, 15.9245, 18.0588, 19.7461],       [10 10 80 99 99 97]
                        MAP       = [6.5819, 6.8926, 7.2453, 7.4860, 7.6937, 7.8781],   [10 10  8 10 11 11]
                        NDCG      = [19.4287, 12.4153, 10.2447, 11.4073, 12.3027, 12.8770],     [10 10  8 97 97 97]
GRU_context_h5:
    --------------------------------------------------------------
                        AUC       = [91.6175]  -109-1                                               ,  [97]
                        Recall    = [7.2658, 9.5289, 18.1725, 22.2246, 24.5604, 26.6791]        ,       [94 85 93 96 92 92]
                        MAP       = [7.2438, 8.9121, 12.8690, 13.6309, 13.9654, 14.1456]        ,       [94 92 92 92 92 92]
                        NDCG      = [21.3426, 15.6374, 17.3191, 19.0052, 19.9894, 20.6862]  ,     [94 92 92 92 92 92]
                        AUC       = [91.6632]  -109-2                                               ,  [91]
                        Recall    = [6.9470, 8.2086, 15.9925, 18.9513, 21.2351, 22.9961]    ,       [67 39 53 50 50 51]
                        MAP       = [6.9568, 7.5614, 9.5628, 10.2368, 10.4932, 10.6136]     ,        [67 67 41 41 41 41]
                        NDCG      = [20.4063, 13.8353, 13.1149, 14.4037, 15.3209, 15.7906]  ,     [67 76 44 41 41 41]
                        AUC       = [90.8444]  -151-1                                               ,  [96]
                        Recall    = [7.8711, 9.1680, 18.3563, 23.4899, 26.5171, 28.5767]    ,       [77 68 93 85 98 98]
                        MAP       = [7.8391, 8.5818, 10.2795, 11.9768, 12.2929, 12.5892]    ,       [77 77 77 83 83 83]
                        NDCG      = [23.1208, 15.5369, 14.7009, 18.3702, 19.3505, 20.1944]  ,     [77 77 93 83 83 83]
                        AUC       = [91.4892] -111-1                                               ,  [91]
                        Recall    = [8.1255, 10.2469, 13.4247, 16.7744, 24.4581, 27.3359]   ,      [94 55 97 99 87 90]
                        MAP       = [8.1066, 8.7767, 10.2795, 10.8948, 11.1782, 12.0519]    ,       [94 68 68 68 68 94]
                        NDCG      = [23.8681, 16.0026, 14.6061, 16.1071, 16.9347, 19.6558]  ,     [94 68 68 68 68 94]
                        AUC       = [91.5723]  -109-3,  [97]
                        Recall    = [2.0803, 3.8117, 13.1672, 16.9312, 19.5883, 21.9085],       [92 96 97 98 95 87]
                        MAP       = [2.1228, 3.0007, 6.0184, 6.8223, 7.1638, 7.3542],   [92 96 96 96 96 96]
                        NDCG      = [6.1107, 5.4851, 10.0948, 12.0506, 13.0339, 13.7169],       [92 96 96 96 96 96]
                        AUC       = [91.3641] -109-4,  [97]
                        Recall    = [7.3899, 9.5429, 12.6330, 16.7007, 19.3796, 21.1588],       [52 77 95 99 99 99]
                        MAP       = [7.3483, 8.3055, 9.4373, 9.9462, 10.1575, 10.2949],         [52 27 52 52 52 52]
                        NDCG      = [21.7071, 14.4955, 13.3242, 14.5205, 15.1707, 15.6861],     [52 52 52 52 52 52]
                        AUC       = [91.8641] -151-2,  [99]
                        Recall    = [2.2143, 3.2464, 12.4144, 21.8342, 25.0344, 27.2050],       [67 66 99 87 92 99]
                        MAP       = [2.2731, 2.8185, 5.4946, 6.6046, 7.3313, 7.5067],   [67 67 77 80 98 98]
                        NDCG      = [6.5042, 5.0240, 9.3577, 12.5063, 14.0719, 14.7193],        [67 67 77 80 98 98]
                        AUC       = [91.8516] -111-2,  [94]
                        Recall    = [1.1396, 2.2864, 4.8999, 20.0109, 23.6139, 25.4383],        [17 51 98 92 99 99]
                        MAP       = [1.1869, 1.6489, 2.4494, 4.9836, 5.3664, 5.5540],   [17 51 98 91 91 91]
                        NDCG      = [3.3474, 3.0658, 3.9729, 10.2138, 11.4516, 12.1256],        [17 51 98 91 91 91]


    【规律：长数据集最优窗口也长一些？】

这个的结果和 h3 互有最高就是胜利，表明已经没法再提高了。
    网格搜索
GRU_context_h3_x3:
    --------------------------------------------------------------
	AUC_avg   = [91.6604]
	Recal_avg = [ 3.4500,  5.7996, 13.1830, 20.4482, 25.4814, 28.9938]
	MAP_avg   = [ 3.5122,  4.6834,  7.2511,  8.7042,  9.2006,  9.5237]
	NDCG_avg  = [10.1341,  8.7040, 10.8832, 14.0696, 15.5005, 16.6373]
	loss_avg  = [235942, 161273, 135270, 119956, 109303, 101138, 94397, 88628, 83520, 79038, 75124, 71816, 68555, 65276, 62520, 60146, 57804, 55559, 53463, 51619, 49971, 48400, 46886, 45409, 44077, 43006, 41818, 40558, 39725, 38858, 37874, 37050, 36180, 35390, 34605, 34160, 33606, 32703, 32249, 31502, 30900, 30472, 30119, 29599, 29011, 28693, 28321, 27852, 27368, 27128, 26575, 26275, 26044, 25539, 25330, 25186, 24667, 24642, 24353, 23894, 23772, 23424, 23227, 22915, 22712, 22507, 22184, 22091, 21866, 21723, 21379, 21218, 21149, 20900, 20607, 20511, 20408, 20270, 19945, 19830, 19730, 19520, 19450, 19180, 19118, 18875, 18955, 18664, 18421, 18366, 18301, 18100, 18034, 17898, 17764, 17783, 17570, 17466, 17259, 17139]
GRU_context_h3_x4:
    --------------------------------------------------------------
	AUC_avg   = [91.7035]
	Recal_avg = [ 2.1402,  5.8548, 12.4820, 21.9956, 25.7118, 28.6453]
	MAP_avg   = [ 2.2287,  3.9364,  6.2497,  7.8727,  8.4567,  8.6958]
	NDCG_avg  = [ 6.2865,  7.7342,  9.7332, 13.5115, 14.9741, 15.8947]
	loss_avg  = [235480, 161335, 135522, 120396, 109840, 101793, 94977, 89371, 84150, 79888, 75754, 72320, 69123, 65676, 62929, 60394, 58178, 55824, 53763, 51826, 50120, 48532, 47101, 45431, 44282, 43061, 41967, 40612, 39721, 38881, 37786, 36927, 36117, 35277, 34547, 34120, 33389, 32692, 32067, 31303, 30715, 30458, 29953, 29503, 28804, 28567, 28133, 27646, 27202, 26967, 26446, 26092, 25893, 25382, 25143, 24965, 24427, 24353, 24159, 23703, 23567, 23223, 23033, 22682, 22465, 22288, 21907, 21864, 21664, 21496, 21195, 21001, 20912, 20678, 20451, 20265, 20168, 20045, 19776, 19585, 19471, 19283, 19157, 18967, 18918, 18686, 18691, 18435, 18203, 18129, 18050, 17856, 17822, 17649, 17553, 17567, 17376, 17254, 16999, 16857]
GRU_context_h3_x5:
    --------------------------------------------------------------
	AUC_avg   = [91.6593]
	Recal_avg = [ 4.1892,  5.9605, 12.3678, 20.2637, 25.0734, 28.5089]
	MAP_avg   = [ 4.2180,  5.0915,  7.2317,  8.6669,  9.3516,  9.6555]
	NDCG_avg  = [12.3054,  9.2976, 10.8690, 14.1610, 15.9462, 16.9901]
	loss_avg  = [235026, 160760, 135204, 120102, 109567, 101631, 94860, 89160, 84115, 79924, 75856, 72628, 69280, 65984, 63176, 60805, 58451, 56100, 54105, 52186, 50424, 48927, 47434, 45825, 44593, 43397, 42152, 40895, 40070, 39205, 38122, 37355, 36358, 35766, 34942, 34457, 33794, 32973, 32467, 31707, 31047, 30597, 30258, 29729, 29171, 28881, 28417, 27938, 27546, 27269, 26778, 26403, 26250, 25657, 25482, 25287, 24759, 24701, 24467, 24014, 23833, 23519, 23352, 23011, 22778, 22527, 22270, 22176, 21976, 21759, 21487, 21229, 21154, 20924, 20708, 20552, 20486, 20284, 20045, 19886, 19738, 19553, 19486, 19154, 19212, 18986, 18976, 18685, 18479, 18425, 18294, 18193, 17995, 17955, 17797, 17890, 17584, 17510, 17299, 17189]
GRU_context_h3_x3:
    --------------------------------------------------------------
                        AUC       = [91.8615] - 109-1,  [96]
                        Recall    = [1.9910, 2.9307, 11.3818, 14.7730, 21.5456, 25.2042],       [98 80 89 79 54 81]
                        MAP       = [2.0900, 2.5667, 5.6707, 6.2285, 6.5216, 6.8526],   [98 74 98 98 98 82]
                        NDCG      = [5.8484, 4.4452, 9.2667, 10.5692, 11.4508, 13.5489],        [98 92 98 98 98 81]
                        AUC       = [91.6149] - 109-2,  [99]
                        Recall    = [2.3472, 3.6861, 8.9204, 17.6149, 20.3920, 22.6867],        [98 98 19 93 97 98]
                        MAP       = [2.4134, 3.1710, 4.5135, 6.2365, 6.6441, 6.8456],   [98 98 98 98 98 98]
                        NDCG      = [6.8946, 5.7489, 6.8835, 11.3273, 12.4772, 13.2350],        [98 98 98 98 98 98]
                        AUC       = [91.5905] - 151-1,  [91]
                        Recall    = [1.5165, 7.0285, 11.9902, 20.1833, 23.0439, 25.9637],       [36 19 97 99 99 99]
                        MAP       = [1.6067, 4.2099, 5.1544, 6.7151, 7.0705, 7.3851],   [36 19 19 99 99 99]
                        NDCG      = [4.4546, 8.8472, 8.5426, 12.3359, 13.3876, 14.3515],        [36 19 99 99 99 99]
                        AUC       = [91.4607] - 111-1,  [97]
                        Recall    = [2.2786, 7.7159, 12.6818, 21.9147, 24.6886, 31.5245],       [98 39 98 89 96 72]
                        MAP       = [2.3594, 4.8479, 6.2388, 8.1601, 8.4663, 8.6538],   [98 39 39 79 79 78]
                        NDCG      = [6.6933, 9.9523, 9.9624, 13.9884, 14.9254, 15.8809],        [98 39 89 78 79 72]
                        AUC       = [91.7063] - 109-3,  [97]
                        Recall    = [2.2698, 3.4120, 11.7540, 21.4962, 28.1266, 30.3242],       [86 75 80 90 49 48]
                        MAP       = [2.3787, 3.1560, 5.2169, 7.6991, 8.0533, 8.2562],   [86 75 75 75 75 75]
                        NDCG      = [6.6674, 5.3812, 8.8119, 13.2843, 14.6865, 15.3108],        [86 75 75 75 49 49]
                        AUC       = [91.6787] - 109-4,  [91]
                        Recall    = [1.9474, 3.1924, 10.5625, 20.1448, 26.4310, 32.2109],       [91 83 38 55 37 98]
                        MAP       = [2.0102, 2.6416, 4.2282, 6.1667, 6.3782, 7.2720],   [91 91 38 51 37 58]
                        NDCG      = [5.7203, 4.6625, 7.4189, 11.2489, 12.7141, 14.9352],        [91 91 38 51 37 98]
                        AUC       = [91.7582] - 151-2,  [98]
                        Recall    = [7.7315, 9.1364, 19.3131, 23.9369, 32.4544, 34.7283],       [90 86 90 95 99 97]
                        MAP       = [7.7395, 8.5118, 14.2328, 14.9056, 16.4272, 16.6509],       [90 90 89 89 89 89]
                        NDCG      = [22.7106, 15.2907, 18.5600, 20.1353, 23.3669, 24.1362],     [90 90 89 89 89 89]
                        AUC       = [91.6123] - 111-2,  [94]
                        Recall    = [7.5181, 9.2952, 18.8599, 23.5215, 27.1692, 29.3082],       [79 53 99 97 97 92]
                        MAP       = [7.4999, 8.3622, 12.7539, 13.5217, 14.0438, 14.2733],       [79 82 82 79 82 82]
                        NDCG      = [22.0838, 15.3037, 17.6196, 19.6677, 20.9957, 21.6999],     [79 82 82 97 97 97]
GRU_context_h3_x4:
    --------------------------------------------------------------
                        AUC       = [91.4643] - 109-1,  [94]
                        Recall    = [2.3207, 8.4796, 12.6704, 16.6633, 19.7736, 22.3482],       [93 83 89 83 98 98]
                        MAP       = [2.3892, 5.1263, 6.5981, 7.4568, 7.7470, 7.9325],   [93 83 83 83 83 83]
                        NDCG      = [6.8168, 10.7480, 10.8622, 12.6717, 13.5493, 14.2165],      [93 83 83 83 83 83]
                        AUC       = [91.6455] - 109-2,  [97]
                        Recall    = [2.3467, 7.3868, 17.3393, 25.1195, 28.0809, 30.0657],       [65  6 28 16 29 33]
                        MAP       = [2.4646, 4.5832, 8.6217, 9.3417, 10.4561, 10.6616],         [65  6 28 11 25 25]
                        NDCG      = [6.8931, 9.3160, 12.6823, 14.6929, 16.5057, 17.2477],       [65  6 28 91 24 25]                        AUC       = [91.6720] - 151-1,  [98]
                        AUC       = [91.7035]
                        Recall    = [2.4074, 8.3005, 18.8978, 24.2401, 27.0965, 29.4318],       [79 33 96 89 95 95]
                        MAP       = [2.4748, 5.2907, 8.8354, 9.8453, 10.0727, 10.2162],         [79 33 33 33 33 33]
                        NDCG      = [7.0715, 10.7143, 13.4417, 15.4616, 16.4986, 17.2941],      [79 33 33 33 99 99]
                        AUC       = [91.6735] - 111-1,  [94]
                        Recall    = [2.0803, 3.5210, 7.3556, 23.4556, 26.5857, 28.8249],        [53 93 93 98 96 98]
                        MAP       = [2.1669, 2.8104, 3.8326, 6.4463, 6.8749, 7.0825],   [53 53 93 98 93 93]
                        NDCG      = [6.1107, 4.9496, 6.1572, 12.7271, 13.8729, 14.6303],        [53 92 93 98 98 98]
                        AUC       = [91.8755] - 109-3,  [96]
                        Recall    = [2.2973, 9.1556, 17.7852, 21.1370, 25.0022, 28.3888],       [88 86 87 86 87 87]
                        MAP       = [2.3808, 5.9100, 9.5122, 10.0887, 10.6203, 10.8642],        [83 87 58 58 58 87]
                        NDCG      = [6.7482, 11.9130, 14.2526, 15.7012, 17.1497, 18.2652],      [88 86 87 87 87 87]
                        AUC       = [91.8142] - 109-4,  [97]
                        Recall    = [1.7101, 3.2017, 12.1138, 24.3444, 26.3624, 28.3420],       [42 99 91 23 23 27]
                        MAP       = [1.8214, 2.3335, 5.0430, 7.5399, 7.9715, 8.2438],   [42 99 98 92 92 92]
                        NDCG      = [5.0234, 4.3778, 8.8143, 13.3884, 14.4740, 15.3931],        [42 99 98 93 92 92]
                        AUC       = [91.6185] - 151-2,  [96]
                        Recall    = [1.9983, 3.6352, 7.1459, 18.3023, 26.8702, 33.6064],        [53 93 87 98 98 81]
                        MAP       = [2.0891, 2.6544, 3.7504, 5.3699, 6.6392, 7.0940],   [53 93 93 98 98 81]
                        NDCG      = [5.8698, 5.0023, 5.9400, 10.6714, 13.7953, 15.4193],        [53 93 87 98 98 81]
                        AUC       = [91.8329] - 111-2,  [91]
                        Recall    = [1.9604, 3.1581, 6.5478, 22.7028, 25.9227, 28.1546],        [93 79 94 89 93 93]
                        MAP       = [2.0431, 2.7828, 3.8043, 6.8934, 7.2723, 7.4713],   [91 79 86 91 91 91]
                        NDCG      = [5.7585, 4.8524, 5.7151, 12.7778, 13.9470, 14.6911],        [93 91 86 91 93 93]
GRU_context_h3_x5:
    --------------------------------------------------------------
                        AUC       = [91.8002] - 109-1,  [96]
                        Recall    = [2.0071, 3.0086, 6.6973, 15.7625, 25.6667, 33.2009],        [99 99 99 64 97 94]
                        MAP       = [2.0657, 2.6786, 3.9183, 5.1035, 6.3852, 7.2784],   [99 99 99 64 98 82]
                        NDCG      = [5.8957, 4.7530, 5.9815, 9.5667, 13.1012, 15.2962],         [99 99 99 64 98 93]
                        AUC       = [91.9233] - 109-2,  [98]
                        Recall    = [2.0076, 3.2630, 7.6313, 16.5423, 25.8287, 28.0580],        [87 88  5 95 88 94]
                        MAP       = [2.1204, 2.7726, 3.8721, 5.3174, 6.5150, 6.6694],   [87 87 86 86 87 87]
                        NDCG      = [5.8972, 4.8245, 5.6857, 10.0018, 13.0666, 13.7781],        [87 50 86 86 86 86]
                        AUC       = [91.7457] - 151-1,  [96]
                        Recall    = [7.3021, 9.1213, 17.6617, 22.5554, 25.3407, 27.5695],       [80 81 92 92 93 92]
                        MAP       = [7.2588, 8.5294, 12.0908, 13.0292, 13.3223, 13.5349],       [80 81 81 81 81 81]
                        NDCG      = [21.4494, 15.0711, 16.4643, 18.4363, 19.3854, 20.1481],     [80 81 81 81 81 81]
                        AUC       = [91.6829] - 111-1,  [94]
                        Recall    = [7.7388, 9.0715, 12.8754, 17.2027, 20.2399, 25.9180],       [64 97 97 97 97 76]
                        MAP       = [7.7374, 8.3289, 9.7008, 10.4993, 10.8783, 11.1645],        [64 74 64 96 96 76]
                        NDCG      = [22.7319, 15.0306, 13.8474, 15.8652, 16.9858, 18.4796],     [64 74 96 96 96 76]
                        AUC       = [91.8220] 109-3,  [97]
                        Recall    = [2.0222, 2.9608, 12.2249, 22.0253, 25.3739, 27.9033],       [74 98 95 99 98 93]
                        MAP       = [2.0605, 2.6349, 5.1271, 7.1602, 7.4314, 7.6025],   [74 74 74 74 74 74]
                        NDCG      = [5.9399, 4.7058, 8.7290, 12.8707, 14.0363, 14.8083],        [74 74 74 74 98 98]
                        AUC       = [91.0215] - 109-4,  [96]
                        Recall    = [7.8924, 10.2547, 14.1059, 23.0112, 25.4279, 27.6811],      [80 97 97 98 98 98]
                        MAP       = [7.8397, 9.0512, 10.5645, 12.7472, 13.0460, 13.2218],       [80 76 76 79 79 79]
                        NDCG      = [23.1833, 16.5585, 15.0676, 18.9047, 19.8648, 20.5407],     [80 76 76 79 75 75]
                        AUC       = [91.6055] - 151-2,  [98]
                        Recall    = [1.9453, 3.3258, 14.3275, 23.2521, 26.7715, 29.2080],       [93 93 93 97 97 97]
                        MAP       = [2.0040, 2.7769, 5.8441, 8.0280, 8.5524, 8.7730],   [93 93 93 93 93 93]
                        NDCG      = [5.7142, 5.0724, 10.1777, 14.1600, 15.4537, 16.2621],       [93 93 93 93 93 93]
                        AUC       = [91.6735] - 111-2,  [95]
                        Recall    = [2.5979, 6.6786, 13.4180, 21.7584, 25.9378, 28.5320],       [92  8 92 91 94 95]
                        MAP       = [2.6575, 3.9597, 6.7357, 7.4508, 8.6820, 8.9995],   [92  6 92 92 92 92]
                        NDCG      = [7.6312, 8.3650, 10.9989, 13.4827, 15.6756, 16.6075],       [92  8 92 91 92 92]


【【【【【【【【【【【【【【【【【【【【【【【【【【【【【【【【【【【【【【【【【【【【【【【【【【【【【【【【【【【【【【【【【【【【【【【【【【【
    x 就用这个，4次平均。
GRU_context_x2: - 【最优】 - 【vs. x5，排序性能更好一些】
    --------------------------------------------------------------
	AUC_avg   = [91.5387]
	Recal_avg = [ 5.2251,  9.4224, 13.4848, 19.0333, 21.7444, 24.0767]
	MAP_avg   = [ 5.2633,  7.3876,  8.8618,  9.9699, 10.2769, 10.5020]
	NDCG_avg  = [15.3482, 13.9987, 13.2373, 15.5510, 16.4976, 17.3161]
	loss_avg  = [239145, 163583, 137679, 122581, 111959, 104109, 97162, 91931, 86866, 82599, 78773, 75606, 72421, 69387, 66637, 64280, 62123, 59724, 57686, 55853, 54138, 52580, 51003, 49367, 48227, 46983, 45759, 44429, 43541, 42690, 41425, 40624, 39658, 38853, 37918, 37412, 36745, 35856, 35281, 34479, 33703, 33338, 32869, 32262, 31681, 31284, 30834, 30236, 29900, 29497, 28978, 28491, 28302, 27814, 27423, 27234, 26736, 26659, 26292, 25888, 25642, 25250, 25068, 24694, 24425, 24175, 23862, 23773, 23476, 23295, 23030, 22713, 22623, 22246, 22106, 21910, 21737, 21618, 21299, 21127, 21029, 20772, 20570, 20382, 20337, 20121, 20079, 19876, 19617, 19478, 19399, 19120, 18989, 18890, 18812, 18715, 18551, 18398, 18150, 18090]
GRU_context_x3: - 【优于gru】
    --------------------------------------------------------------
	AUC_avg   = [91.8303]
	Recal_avg = [ 3.5522, 6.0874, 14.5518, 20.2134, 25.3466, 28.0276]
	MAP_avg   = [ 3.6327, 4.9350,  7.7325,  9.1644,  9.8091,  9.9764]
	NDCG_avg  = [10.4342, 9.1842, 12.1238, 14.8190, 16.2621, 16.9693]
	loss_avg  = [237886, 161770, 136047, 121176, 110811, 103110, 96608, 91206, 86297, 82222, 78463, 75356, 72431, 69090, 66596, 64234, 62067, 59944, 57871, 56129, 54460, 52813, 51349, 49799, 48602, 47370, 46237, 44645, 43958, 42987, 41816, 41087, 40092, 39311, 38404, 37878, 37111, 36257, 35797, 34807, 34205, 33843, 33260, 32729, 32145, 31828, 31310, 30696, 30306, 29979, 29546, 28982, 28766, 28228, 28069, 27788, 27193, 27111, 26803, 26317, 26089, 25747, 25409, 25132, 24888, 24678, 24297, 24199, 23953, 23749, 23466, 23133, 23020, 22902, 22481, 22414, 22314, 21957, 21746, 21508, 21463, 21270, 21088, 20863, 20674, 20560, 20522, 20225, 19996, 19903, 19754, 19542, 19424, 19288, 19273, 19252, 18954, 18836, 18597, 18424]
GRU_context_x4: - 【略优于gru】
    --------------------------------------------------------------
	AUC_avg   = [91.9010]
	Recal_avg = [3.0010, 5.3117, 11.7452, 20.9472, 26.1368, 29.3659]
	MAP_avg   = [3.0372, 4.1156,  6.1298,  7.3175,  8.2680,  8.6224]
	NDCG_avg  = [8.8150, 7.8468,  9.4468, 12.2903, 14.7678, 15.7073]
	loss_avg  = [238393, 162475, 136868, 122308, 112130, 104564, 97915, 92542, 87659, 83537, 79764, 76575, 73629, 70348, 67681, 65258, 63163, 60824, 58740, 56848, 55110, 53667, 52211, 50392, 49357, 47899, 46718, 45266, 44360, 43563, 42369, 41479, 40512, 39790, 38830, 38286, 37618, 36619, 36223, 35347, 34510, 34175, 33685, 33175, 32538, 32128, 31730, 31079, 30616, 30316, 29838, 29242, 29174, 28545, 28222, 27977, 27446, 27316, 27016, 26624, 26402, 26054, 25697, 25467, 25155, 24928, 24557, 24459, 24189, 23982, 23685, 23388, 23275, 23017, 22784, 22576, 22415, 22201, 21892, 21827, 21630, 21521, 21305, 21008, 20896, 20709, 20740, 20449, 20113, 20048, 19911, 19792, 19639, 19491, 19301, 19322, 19104, 18963, 18722, 18693]
GRU_context_x5: - 【优于gru】
    --------------------------------------------------------------
	AUC_avg   = [91.8198]
	Recal_avg = [ 3.4825,  8.7545, 14.9729, 20.5433, 23.9854, 26.5305]
	MAP_avg   = [ 3.5353,  6.1980,  8.3517,  9.5730,  9.8965, 10.0518]
	NDCG_avg  = [10.2294, 12.1144, 12.7393, 15.0983, 16.4096, 17.1230]
	loss_avg  = [238365, 161626, 136098, 121880, 111845, 104436, 98037, 92810, 88022, 84085, 80517, 77186, 74322, 71080, 68440, 66099, 64030, 61773, 59649, 57916, 56079, 54618, 53107, 51329, 50112, 48860, 47645, 46044, 45317, 44398, 43155, 42244, 41308, 40575, 39618, 39057, 38229, 37419, 36814, 35933, 35212, 34803, 34337, 33667, 33085, 32759, 32226, 31724, 31090, 30798, 30282, 29870, 29590, 29040, 28713, 28541, 27858, 27805, 27488, 27008, 26879, 26430, 26064, 25761, 25473, 25288, 24877, 24774, 24545, 24259, 24046, 23749, 23562, 23363, 23031, 22824, 22719, 22520, 22189, 21994, 21909, 21655, 21552, 21313, 21232, 20967, 20935, 20673, 20443, 20295, 20089, 19956, 19811, 19729, 19496, 19530, 19295, 19134, 18966, 18783]
GRU_context_x2:
    --------------------------------------------------------------
                        AUC       = [91.1902]                                                   ,  [97]
                        Recall    = [3.7235, 10.6373, 14.6562, 18.1154, 20.2990, 22.3446]   ,      [97 92 92 98 98 98]
                        MAP       = [3.8097, 7.1159, 8.5647, 9.1981, 9.4768, 9.6412]        ,   [97 76 92 92 92 92]
                        NDCG      = [10.9374, 14.0768, 13.4249, 14.9025, 15.7426, 16.3456]  ,     [97 92 92 92 92 92]
                        AUC       = [91.7042]                                                   ,  [93]
                        Recall    = [7.2917, 9.2765, 13.4091, 23.5169, 26.6345, 28.9972]    ,       [97 94 97 98 98 98]
                        MAP       = [7.2521, 8.2501, 10.0168, 12.4761, 12.8042, 13.0454]    ,       [97 97 97 97 97 97]
                        NDCG      = [21.4189, 15.1883, 14.4586, 18.9985, 20.0189, 20.8988]  ,     [97 97 97 97 97 97]
                        AUC       = [91.6606]                                                   ,  [95]
                        Recall    = [2.4479, 8.7356, 12.6963, 16.7967, 19.5867, 22.1084]    ,       [94 94 97 94 94 99]
                        MAP       = [2.5515, 5.7571, 7.2000, 8.0382, 8.3718, 8.6133]        ,   [94 94 92 92 92 92]
                        NDCG      = [7.1905, 11.5538, 11.2554, 13.2470, 14.2841, 15.0701]   ,      [94 94 94 94 94 94]
                        AUC       = [91.5998]                                                   ,  [97]
                        Recall    = [7.4371, 9.0403, 13.1776, 17.7042, 20.4574, 22.8565]    ,       [58 74 97 92 94 97]
                        MAP       = [7.4401, 8.4272, 9.6656, 10.1672, 10.4548, 10.7080]     ,        [58 58 58 58 58 58]
                        NDCG      = [21.8459, 15.1758, 13.8103, 15.0559, 15.9449, 16.9500]  ,     [58 58 58 58 58 58]
GRU_context_x3:
    --------------------------------------------------------------
                        AUC       = [92.0370]                                                   ,  [94]
                        Recall    = [2.1250, 8.2839, 13.2451, 17.1809, 20.1911, 22.4069]    ,       [78 95 83 95 93 98]
                        MAP       = [2.2385, 5.2954, 7.1064, 7.8793, 8.2683, 8.4816]        ,   [78 95 95 95 95 95]
                        NDCG      = [6.2419, 10.7817, 11.3351, 13.2188, 14.3242, 15.0687]   ,      [78 95 95 95 95 95]
                        AUC       = [91.9539]                                                   ,  [95]
                        Recall    = [2.3072, 3.4613, 17.8610, 28.7382, 31.4508, 33.5384]    ,       [91 91 89 97 96 97]
                        MAP       = [2.4397, 3.1099, 8.2739, 11.4864, 11.8245, 12.0326]     ,        [91 91 89 97 97 97]
                        NDCG      = [6.7772, 5.4669, 13.0710, 17.9104, 18.8832, 19.6002]    ,       [91 91 89 97 97 97]
                        AUC       = [91.7265]                                                   ,  [98]
                        Recall    = [2.3731, 3.5501, 14.1469, 17.5770, 24.8771, 27.9454]    ,       [90 98  3 98 23 28]
                        MAP       = [2.4538, 3.0770, 5.6780, 6.6157, 7.4044, 7.4721]        ,   [90 90 90 90  4  4]
                        NDCG      = [6.9709, 5.4051, 9.8601, 12.0479, 12.9466, 13.6281]     ,        [90 90 90 90 90 90]
                        AUC       = [91.6040]                                                   ,  [91]
                        Recall    = [7.4034, 9.0543, 12.9543, 17.3574, 24.8672, 28.2195]    ,       [82 88 82 92 82 92]
                        MAP       = [7.3987, 8.2577, 9.8718, 10.6761, 11.7394, 11.9194]     ,        [82 82 82 82 82 82]
                        NDCG      = [21.7468, 15.0832, 14.2291, 16.0988, 18.8946, 19.5803]  ,     [82 82 82 82 82 82]
GRU_context_x4:
    --------------------------------------------------------------
                        AUC       = [91.7026]                                                   ,  [96]
                        Recall    = [2.4022, 7.4402, 15.7989, 22.9697, 26.8115, 28.8025]    ,       [93 22 11 94 98 99]
                        MAP       = [2.4696, 4.6475, 8.2492, 8.9560, 9.1207, 9.2277]        ,   [93 22 11 11 11 11]
                        NDCG      = [7.0563, 9.5656, 12.3081, 13.8450, 15.1832, 15.9581]    ,       [93 22 11 92 98 92]
                        AUC       = [92.0094]                                                   ,  [94]
                        Recall    = [1.2372, 2.8445, 7.6770, 21.2927, 24.9934, 27.0669]     ,        [97 76  4 86 92 98]
                        MAP       = [1.3043, 1.9846, 3.2547, 6.1305, 6.6895, 6.8620]        ,   [97 99 92 92 92 92]
                        NDCG      = [3.6341, 3.8049, 5.3270, 11.8866, 13.4391, 14.0676]     ,        [97 76  4 92 92 92]
                        AUC       = [91.8999]                                                   ,  [97]
                        Recall    = [2.1899, 4.4233, 13.3712, 17.5459, 26.6018, 32.8946]    ,       [95 95 72 93 95 77]
                        MAP       = [2.2626, 3.5106, 6.3764, 7.0432, 8.1744, 9.1213]        ,   [95 95 82 82 86 72]
                        NDCG      = [6.4325, 6.4821, 10.6133, 12.2079, 15.5107, 17.3438]    ,       [95 95 82 97 97 72]
                        AUC       = [91.9923]                                                   ,  [94]
                        Recall    = [6.1745, 6.5390, 10.1337, 21.9806, 26.1407, 28.6997]    ,       [ 0  0 26 88 92 26]
                        MAP       = [6.1124, 6.3197, 6.6390, 7.1404, 9.0875, 9.2786]        ,   [0 0 0 3 3 3]
                        NDCG      = [18.1370, 11.5348, 9.5388, 11.2216, 14.9384, 15.4596]   ,      [ 0  0  0 26  3  3]
GRU_context_x5:
    --------------------------------------------------------------
                        AUC       = [91.8444]                                                   ,  [99]
                        Recall    = [2.3357, 9.1535, 14.0607, 17.4649, 23.9997, 26.7871]    ,       [71 96 98 85 74 73]
                        MAP       = [2.4041, 5.7450, 7.4459, 8.1883, 8.7762, 8.9694]        ,   [71 82 87 87 67 67]
                        NDCG      = [6.8611, 11.6595, 11.6092, 13.3740, 15.5186, 16.4145]   ,      [71 82 95 87 74 74]
                        AUC       = [92.0489]                                                   ,  [97]
                        Recall    = [2.1997, 8.1520, 13.7357, 18.0240, 21.0217, 23.1643]    ,       [93 63 99 95 96 98]
                        MAP       = [2.3043, 5.1491, 6.3256, 7.4234, 7.7262, 7.9245]        ,   [93 63 63 63 63 63]
                        NDCG      = [6.4615, 10.5794, 10.3604, 12.7377, 13.6326, 14.3318]   ,      [93 63 69 63 63 63]
                        AUC       = [91.7706]                                                   ,  [97]
                        Recall    = [7.0592, 8.6187, 12.9377, 22.4318, 24.6616, 26.6501]    ,       [10 68 93 93 98 97]
                        MAP       = [7.0166, 8.0876, 9.2913, 11.2262, 11.4968, 11.6484]     ,        [10 10 82 74 74 82]
                        NDCG      = [20.7357, 14.3492, 13.5831, 17.2499, 18.3860, 18.9795]  ,     [10 68 99 82 82 82]
                        AUC       = [91.6154]                                                   ,  [93]
                        Recall    = [2.3352, 9.0938, 19.1574, 24.2525, 26.2586, 29.5205]    ,       [88 92 95 24 26 44]
                        MAP       = [2.4163, 5.8101, 10.3440, 11.4543, 11.5867, 11.6649]    ,       [88 92 97  9  9  9]
                        NDCG      = [6.8595, 11.8697, 15.4043, 17.0316, 18.1012, 18.7664]   ,      [88 92 97 92 97 99]


    网格搜索 - 取8次平均
GRU_context_h2_x2:
    --------------------------------------------------------------
	AUC_avg   = [91.3546]
	Recal_avg = [ 5.1483,  9.1113, 13.5151, 20.7063, 24.1936, 27.0686]
	MAP_avg   = [ 5.1788,  7.5543,  8.9016, 10.2454, 10.7881, 11.0640]
	NDCG_avg  = [15.1227, 13.4679, 12.9021, 15.8002, 17.1732, 18.0286]
	loss_avg  = [235809, 161382, 135347, 120162, 109398, 101451, 94683, 88915, 83827, 79538, 75415, 72134, 68911, 65475, 62631, 60240, 57991, 55606, 53627, 51745, 49966, 48554, 47051, 45322, 44183, 43027, 41938, 40521, 39858, 38931, 37864, 36997, 36136, 35483, 34658, 34194, 33585, 32801, 32372, 31546, 30850, 30527, 30179, 29628, 29070, 28801, 28373, 27808, 27400, 27143, 26694, 26266, 26147, 25593, 25368, 25211, 24675, 24609, 24352, 23948, 23767, 23479, 23328, 22935, 22741, 22531, 22213, 22154, 21905, 21738, 21385, 21230, 21062, 20955, 20652, 20539, 20448, 20233, 20007, 19798, 19689, 19537, 19402, 19173, 19076, 18990, 18955, 18709, 18439, 18371, 18304, 18110, 18034, 17969, 17748, 17798, 17572, 17476, 17270, 17157]
GRU_context_h3_x2: - 【全部networks里最优，top-k全部优于h5】
    --------------------------------------------------------------
	AUC_avg   = [91.5647]
	Recal_avg = [ 4.8857,  8.1445, 16.3963, 23.3278, 26.8363, 29.1876]
	MAP_avg   = [ 4.9165,  6.8259, 10.1358, 11.5200, 11.9040, 12.1225]
	NDCG_avg  = [14.3512, 12.0851, 14.2249, 17.0967, 18.2796, 19.0546]
	loss_avg  = [235170, 160614, 134755, 119639, 109085, 101036, 94272, 88655, 83569, 79244, 75162, 71873, 68505, 65251, 62541, 60054, 57763, 55429, 53403, 51493, 49765, 48349, 46808, 45266, 44064, 42936, 41769, 40404, 39722, 38768, 37744, 36852, 35989, 35235, 34489, 34072, 33316, 32643, 32071, 31403, 30774, 30374, 30033, 29390, 28808, 28538, 28165, 27687, 27249, 26913, 26550, 26141, 25976, 25417, 25220, 25026, 24503, 24448, 24178, 23861, 23600, 23260, 23069, 22736, 22597, 22355, 21997, 21992, 21723, 21564, 21293, 21024, 20953, 20811, 20498, 20413, 20253, 20083, 19852, 19637, 19566, 19423, 19256, 19039, 19015, 18812, 18805, 18513, 18302, 18263, 18210, 17998, 17853, 17702, 17636, 17655, 17468, 17296, 17142, 16994]
GRU_context_h4_x2:
    --------------------------------------------------------------
	AUC_avg   = [91.5156]
	Recal_avg = [ 5.6266,  7.8235, 16.6984, 21.7211, 25.8928, 28.2039]
	MAP_avg   = [ 5.6313,  7.0796, 10.1027, 11.2095, 11.6652, 11.9649]
	NDCG_avg  = [16.5278, 12.3110, 14.3064, 16.7473, 18.1063, 18.8388]
	loss_avg  = [236168, 161286, 135298, 120037, 109313, 101273, 94388, 88792, 83459, 79135, 75238, 71847, 68506, 65322, 62482, 60023, 57693, 55420, 53414, 51533, 49791, 48305, 46803, 45161, 43994, 42768, 41658, 40350, 39483, 38816, 37693, 36752, 35897, 35230, 34372, 33925, 33291, 32570, 32020, 31283, 30625, 30216, 29793, 29283, 28721, 28418, 28058, 27546, 27150, 26824, 26329, 26016, 25815, 25285, 25041, 24909, 24318, 24337, 24060, 23677, 23455, 23142, 22940, 22570, 22377, 22201, 21865, 21774, 21610, 21435, 21137, 20885, 20843, 20555, 20345, 20194, 20075, 19962, 19606, 19519, 19430, 19215, 19089, 18861, 18860, 18650, 18623, 18335, 18118, 18076, 17948, 17811, 17710, 17624, 17449, 17499, 17276, 17108, 16972, 16843]
GRU_context_h5_x2:
    --------------------------------------------------------------
	AUC_avg   = [91.6521]
	Recal_avg = [ 3.9110,  6.5894, 14.7990, 22.1435, 26.7495, 29.7191]
	MAP_avg   = [ 3.9542,  5.2077,  7.9980,  9.4501, 10.1048, 10.3559]
	NDCG_avg  = [11.4884,  9.7385, 11.8855, 14.9921, 16.5187, 17.4138]
	loss_avg  = [236005, 161958, 135775, 120298, 109380, 101173, 94211, 88609, 83273, 79002, 74948, 71684, 68372, 64994, 62269, 59844, 57634, 55249, 53278, 51513, 49681, 48196, 46598, 45081, 43847, 42693, 41585, 40303, 39397, 38639, 37591, 36618, 35868, 35146, 34299, 33874, 33183, 32414, 31871, 31177, 30570, 30128, 29762, 29147, 28573, 28289, 27956, 27523, 27005, 26749, 26302, 25926, 25704, 25185, 24986, 24845, 24244, 24203, 23972, 23606, 23385, 23070, 22860, 22542, 22334, 22145, 21848, 21686, 21502, 21354, 21049, 20845, 20720, 20536, 20240, 20079, 20011, 19855, 19587, 19402, 19409, 19203, 19002, 18847, 18730, 18623, 18541, 18332, 18149, 18018, 17908, 17734, 17664, 17541, 17385, 17450, 17255, 17094, 16937, 16837]
GRU_context_h2_x2:
    --------------------------------------------------------------
                        AUC       = [91.2525] -109-1,  [97]
                        Recall    = [2.8684, 10.0293, 13.4735, 16.4681, 22.7646, 24.5131],      [95 98 93 98 70 70]
                        MAP       = [2.9547, 6.9030, 8.0826, 8.6461, 9.1526, 9.3147],   [95 87 79 98 70 70]
                        NDCG      = [8.4257, 13.0785, 12.2730, 13.6427, 15.4958, 16.0661],      [95 98 93 98 70 70]
                        AUC       = [91.5095] -109-2,  [94]
                        Recall    = [8.0451, 9.5486, 13.1101, 22.3897, 25.4970, 27.5955],       [93 87 95 95 95 97]
                        MAP       = [8.0460, 8.8914, 10.3287, 12.9744, 13.3231, 13.5203],       [92 93 93 93 93 93]
                        NDCG      = [23.6317, 15.9829, 14.5553, 18.9701, 20.0318, 20.7784],     [93 93 93 93 93 93]
                        AUC       = [91.7390] -151-1,  [93]
                        Recall    = [7.9662, 15.0497, 18.1580, 22.0570, 24.7842, 26.9886],      [89 71 97 97 98 98]
                        MAP       = [7.9516, 14.4064, 15.3436, 16.0145, 16.3085, 16.5226],      [89 71 95 95 87 87]
                        NDCG      = [23.3999, 22.1871, 18.9533, 20.6560, 21.5752, 22.3219],     [89 71 95 95 95 95]
                        AUC       = [91.4519] -111-1,  [92]
                        Recall    = [2.3716, 4.1440, 13.5877, 23.5979, 26.8354, 28.9209],       [93 99 95 95 95 97]
                        MAP       = [2.4515, 3.0542, 5.5181, 7.8116, 8.1998, 8.3854],   [93 93 84 92 92 92]
                        NDCG      = [6.9663, 5.5173, 9.5397, 14.0868, 15.1815, 15.8868],        [93 99 84 92 92 92]
                        AUC       = [90.9400] - 109-3,  [94]
                        Recall    = [2.5273, 8.1427, 11.4996, 22.4287, 24.4337, 26.4538],       [68 46 45 98 98 98]
                        MAP       = [2.6130, 5.3463, 6.6952, 7.4884, 8.5741, 8.6880],   [68 40 46 46 46 46]
                        NDCG      = [7.4238, 10.7499, 10.4159, 13.1641, 14.7972, 15.2211],      [68 46 46 93 46 46]
                        AUC       = [91.2489] - 109-4,  [93]
                        Recall    = [2.5071, 7.6500, 13.3370, 23.5760, 26.5852, 33.8323],       [93 21 95 92 93 93]
                        MAP       = [2.5633, 4.7106, 6.0847, 8.2980, 8.6758, 9.6345],   [93 21 93 93 93 93]
                        NDCG      = [7.3643, 9.7028, 10.2495, 14.6662, 15.7934, 18.1021],       [93 21 93 93 93 93]
                        AUC       = [91.2603] - 151-2,  [94]
                        Recall    = [7.4563, 9.1447, 12.1055, 17.6897, 22.3887, 25.6024],       [78 61 90 33 86 91]
                        MAP       = [7.4270, 8.7062, 9.6818, 10.2028, 11.2179, 11.3880],        [78 61 78 78 78 78]
                        NDCG      = [21.9023, 15.1429, 13.5427, 15.0979, 17.4390, 18.0699],     [78 61 78 33 78 78]
                        AUC       = [91.4347] - 111-2,  [94]
                        Recall    = [7.4444, 9.1815, 12.8495, 17.4436, 20.2601, 22.6426],       [98 98 93 98 97 93]
                        MAP       = [7.4232, 8.4164, 9.4778, 10.5273, 10.8532, 11.0588],        [98 98 98 98 98 98]
                        NDCG      = [21.8672, 15.3818, 13.6871, 16.1177, 17.0713, 17.7829],     [98 98 98 98 98 98]
GRU_context_h3_x2:
    --------------------------------------------------------------
                        AUC       = [91.5733] - 109-1,  [94]
                        Recall    = [2.3607, 3.4821, 18.6896, 23.5703, 26.5576, 29.4489],       [65 87 97 99 97 93]
                        MAP       = [2.4681, 3.1091, 8.8758, 9.5185, 9.8970, 10.1304],  [65 65 65 65 65 65]
                        NDCG      = [6.9343, 5.4033, 13.4096, 15.3919, 16.5294, 17.3984],       [65 65 65 91 91 91]
                        AUC       = [91.3766] - 109-2,  [97]
                        Recall    = [2.8954, 10.6035, 19.1024, 23.9031, 27.5939, 29.8481],      [91 99 99 98 99 99]
                        MAP       = [2.9835, 7.3138, 11.1293, 12.1859, 12.6338, 12.8540],       [91 99 99 99 99 99]
                        NDCG      = [8.5050, 13.8324, 15.9243, 18.0191, 19.4431, 20.1876],      [91 99 99 99 99 99]
                        AUC       = [91.7379] - 151-1,  [91]
                        Recall    = [2.5725, 3.4244, 11.4508, 21.0622, 27.8696, 30.6513],       [98 99 79 99 62 91]
                        MAP       = [2.6219, 3.1036, 5.7360, 7.3000, 7.7955, 8.1636],   [98 88 79 88 62 91]
                        NDCG      = [7.5565, 5.5353, 9.4896, 12.9099, 14.5969, 15.7325],        [98 98 79 98 62 91]
                        AUC       = [92.0048] - 111-1,  [94]
                        Recall    = [7.2710, 9.0725, 19.0510, 23.7017, 26.6532, 28.9292],       [76 52 99 98 98 98]
                        MAP       = [7.2925, 8.1756, 13.2665, 14.2414, 14.6020, 14.8352],       [76 87 86 86 86 86]
                        NDCG      = [21.3579, 14.7937, 17.9575, 19.8064, 20.9188, 21.7378],     [76 72 86 86 86 86]
                        AUC       = [91.3117] - 109-3,  [91]
                        Recall    = [7.6277, 13.2176, 19.0660, 22.6535, 24.8698, 27.5010],      [66 45 99 98 86 97]
                        MAP       = [7.6145, 12.8207, 14.2963, 15.2347, 15.4557, 15.5815],      [66 45 45 45 45 45]
                        NDCG      = [22.4056, 19.8291, 17.9016, 19.6684, 20.5110, 21.1720],     [66 45 94 94 94 94]
                        AUC       = [91.6985] - 109-4,  [99]
                        Recall    = [6.4777, 8.4708, 12.4720, 22.5097, 26.5602, 28.9147],       [18 87 98 98 98 99]
                        MAP       = [6.4292, 6.7839, 7.8737, 9.3170, 9.8713, 10.0942],  [18 18 18 87 87 87]
                        NDCG      = [19.0276, 12.3989, 11.4341, 15.3877, 16.8093, 17.6163],     [18 18 18 87 87 87]
                        AUC       = [91.3890] - 151-2,  [96]
                        Recall    = [7.7133, 9.2184, 18.1839, 26.8541, 29.3020, 30.9862],       [72 82 89 81 93 94]
                        MAP       = [7.6987, 8.6269, 13.7716, 16.1276, 16.4497, 16.5944],       [72 82 72 72 72 72]
                        NDCG      = [22.6572, 15.1352, 17.7680, 21.5333, 22.2849, 22.7966],     [72 82 72 81 81 81]
                        AUC       = [91.4259] - 111-2,  [97]
                        Recall    = [2.1670, 7.6666, 13.1547, 22.3679, 25.2841, 27.2211],       [99 41 94 96 96 94]
                        MAP       = [2.2237, 4.6733, 6.1370, 8.2345, 8.5268, 8.7268],   [99 41 40 40 99 99]
                        NDCG      = [6.3654, 9.7527, 9.9145, 14.0572, 15.1432, 15.7957],        [99 41 97 99 97 97]
GRU_context_h4_x2:
    --------------------------------------------------------------
                        AUC       = [91.1554] -109-1,  [99]
                        Recall    = [2.4147, 3.7609, 13.1760, 16.6244, 24.9653, 27.1599],       [98 98 99 99 98 99]
                        MAP       = [2.4688, 3.2931, 6.1050, 6.7644, 7.9000, 8.0811],   [98 98 98 98 98 98]
                        NDCG      = [7.0929, 5.8787, 10.1800, 11.7257, 14.7261, 15.3696],       [98 98 98 98 98 98]
                        AUC       = [91.2702] -109-2,  [89]
                        Recall    = [2.6135, 4.9207, 19.6127, 22.7423, 25.6636, 27.7756],       [95 90 93 98 97 98]
                        MAP       = [2.6609, 3.8948, 9.9901, 10.5956, 10.9637, 11.1598],        [95 95 97 90 97 97]
                        NDCG      = [7.6769, 7.0315, 14.7205, 16.1429, 17.3030, 17.9868],       [95 95 98 98 97 97]
                        AUC       = [91.6502] -151-1,  [97]
                        Recall    = [7.8800, 10.4634, 18.8459, 23.3699, 26.2306, 28.0274],      [69 56 98 97 98 98]
                        MAP       = [7.8838, 9.4430, 12.7991, 13.6947, 14.0326, 14.2078],       [69 69 69 69 69 69]
                        NDCG      = [23.1467, 16.5009, 17.8323, 19.6106, 20.6391, 21.2699],     [69 69 69 69 69 69]
                        AUC       = [91.8475] -111-1,  [91]
                        Recall    = [2.4370, 3.6617, 13.5093, 20.7544, 25.2732, 28.5606],       [67 85 98 35 87 87]
                        MAP       = [2.5278, 3.2333, 6.1759, 7.0900, 7.7501, 8.1108],   [67 67 93 35 87 87]
                        NDCG      = [7.1584, 5.6723, 10.3668, 12.6886, 14.6962, 15.7721],       [67 67 98 35 87 87]
                        AUC       = [91.6035] - 109-3,  [97]
                        Recall    = [6.9044, 8.9526, 17.4285, 22.1899, 27.2954, 29.1031],       [34 30 20 74 26 35]
                        MAP       = [6.8442, 8.3627, 13.0201, 13.6067, 13.8127, 13.9688],       [30 30 30 30 30 30]
                        NDCG      = [20.2812, 14.7441, 16.7110, 18.1572, 18.8184, 19.3738],     [34 30 30 30 30 30]
                        AUC       = [91.3719] - 109-4,  [93]
                        Recall    = [7.6983, 12.2659, 19.5530, 23.1571, 25.8786, 28.4614],      [81 11 99 99 94 24]
                        MAP       = [7.6859, 11.4555, 12.7755, 13.4840, 13.6877, 14.5811],      [81 11 11 11 11 11]
                        NDCG      = [22.6130, 17.7317, 15.5826, 18.8903, 19.8174, 20.4448],     [81 11 11 81 81 81]
                        AUC       = [91.6684] - 151-2,  [99]
                        Recall    = [7.5975, 9.7905, 19.1008, 22.9712, 25.9907, 28.4386],       [68 67 98 75 78 87]
                        MAP       = [7.5765, 8.8186, 10.5519, 12.5937, 12.9499, 13.1581],       [68 67 83 67 67 67]
                        NDCG      = [22.3171, 16.1160, 15.4649, 18.8419, 19.8708, 20.6006],     [68 67 86 67 67 67]
                        AUC       = [91.5578] - 111-2,  [91]
                        Recall    = [7.4677, 8.7719, 12.3609, 21.9599, 25.8453, 28.1042],       [85 64 81 91 93 93]
                        MAP       = [7.4024, 8.1354, 9.4043, 11.8470, 12.2252, 12.4514],        [85 85 81 81 81 81]
                        NDCG      = [21.9359, 14.8127, 13.5928, 17.9214, 18.9796, 19.8926],     [85 85 81 81 81 81]
GRU_context_h5_x2:
    --------------------------------------------------------------
                        AUC       = [91.9113]  -109-1,  [97]
                        Recall    = [1.8316, 3.1301, 19.7425, 29.6825, 33.0286, 35.9738],       [98 94 97 92 99 94]
                        MAP       = [1.9099, 2.6949, 8.5237, 11.3617, 11.7876, 12.0531],        [66 98 82 91 91 91]
                        NDCG      = [5.3803, 4.7490, 13.2042, 17.6084, 18.8055, 19.6991],       [98 98 82 73 91 91]
                        AUC       = [91.9067]  -109-2,  [94]
                        Recall    = [1.8524, 3.2708, 6.3874, 15.8627, 23.8496, 27.8208],        [92 93 98 98 90 95]
                        MAP       = [1.9122, 2.4345, 3.4869, 5.0732, 5.8017, 6.4210],   [92 92 93 92 91 93]
                        NDCG      = [5.4413, 4.6837, 5.4852, 9.6661, 12.0932, 13.7243],         [92 93 93 92 90 93]
                        AUC       = [91.6325] -151-1,  [94]
                        Recall    = [1.9947, 3.0112, 11.6824, 21.7688, 29.7853, 32.8458],       [91 89 92 94 82 93]
                        MAP       = [2.0869, 2.7349, 5.0176, 7.1225, 8.8284, 9.0310],   [91 91 92 92 92 87]
                        NDCG      = [5.8591, 4.7121, 8.5968, 12.8697, 15.7987, 16.7991],        [91 89 92 92 92 94]
                        AUC       = [91.4965] -111-1,  [97]
                        Recall    = [6.1932, 8.5757, 15.8793, 23.0865, 26.3474, 29.0076],       [25 21  9 95 92 93]
                        MAP       = [6.1358, 7.2992, 8.7422, 9.2102, 10.1130, 10.2715],         [25 25 25 25 25 25]
                        NDCG      = [18.1919, 13.4398, 12.4471, 14.6076, 15.9972, 16.6338],     [25 25 25 95 25 95]
                        AUC       = [91.4882] - 109-3,  [96]
                        Recall    = [7.4480, 8.8124, 18.2800, 22.0881, 25.8386, 27.8904],       [71 98 93 98 93 98]
                        MAP       = [7.4378, 8.3130, 13.2883, 14.0250, 14.5150, 14.6888],       [98 98 93 93 93 93]
                        NDCG      = [21.8779, 14.9430, 17.7687, 19.4193, 20.8690, 21.4879],     [71 98 93 93 93 93]
                        AUC       = [91.5676] - 109-4,  [99]
                        Recall    = [7.1926, 9.7967, 16.7869, 22.2376, 24.8522, 27.1324],       [81 99 34 98 97 97]
                        MAP       = [7.2237, 8.1121, 9.8396, 11.4855, 11.7891, 12.0315],        [81 81 81 81 81 81]
                        NDCG      = [21.1276, 14.7561, 13.9486, 17.4254, 18.3744, 19.3125],     [81 81 81 81 81 81]
                        AUC       = [91.7763] -151-2,  [94]
                        Recall    = [2.2470, 8.3223, 12.6496, 20.2201, 24.6357, 29.0076],       [97 56 98 51 74 95]
                        MAP       = [2.3146, 5.2806, 6.6525, 8.2484, 8.7228, 8.9347],   [97 55 55 50 49 49]
                        NDCG      = [6.6003, 10.7015, 10.5780, 13.9719, 15.1685, 16.0059],      [97 58 55 51 51 95]
                        AUC       = [91.4373] -111-2,  [99]
                        Recall    = [2.5289, 7.7959, 16.9836, 22.2018, 25.6584, 28.0747],       [84 35 31 93 88 97]
                        MAP       = [2.6131, 4.7927, 8.4328, 9.0740, 9.2805, 9.4158],   [84 36 31 31 31 31]
                        NDCG      = [7.4284, 9.9228, 13.0554, 14.3687, 15.0431, 15.6479],       [84 35 31 31 31 36]


